user_id,session_id,session_start,session_size,click_article_id,click_timestamp,click_environment,click_deviceGroup,click_os,click_country,click_region,click_referrer_type
137869,1507836980505286,1507836980000,2,214455,1507837528866,4,3,2,1,25,1
137869,1507836980505286,1507836980000,2,283505,1507837558866,4,3,2,1,25,1
248246,1507836981291287,1507836981000,3,272544,1507836981452,4,1,17,1,25,5
248246,1507836981291287,1507836981000,3,277182,1507837330691,4,1,17,1,25,7
248246,1507836981291287,1507836981000,3,285130,1507837360691,4,1,17,1,25,7
108212,1507836984388288,1507836984000,2,234192,1507837051778,4,4,20,9,28,2
108212,1507836984388288,1507836984000,2,236512,1507837081778,4,4,20,9,28,2
169132,1507836985105289,1507836985000,2,348093,1507837149354,4,1,17,1,8,2
169132,1507836985105289,1507836985000,2,234192,1507837179354,4,1,17,1,8,2
14210,1507836985497290,1507836985000,3,159529,1507837096248,4,1,17,1,16,2
14210,1507836985497290,1507836985000,3,233688,1507837373716,4,1,17,1,16,2
14210,1507836985497290,1507836985000,3,183176,1507837403716,4,1,17,1,16,2
22287,1507836986333291,1507836986000,2,234192,1507837443479,4,4,20,1,21,2
22287,1507836986333291,1507836986000,2,236552,1507837473479,4,4,20,1,21,2
259561,1507836990153292,1507836990000,2,348112,1507837134702,4,3,20,10,28,2
259561,1507836990153292,1507836990000,2,348093,1507837164702,4,3,20,10,28,2
13436,1507836993157293,1507836993000,2,348093,1507837024790,4,3,2,1,5,2
13436,1507836993157293,1507836993000,2,111043,1507837054790,4,3,2,1,5,2
69934,1507836993346294,1507836993000,4,159529,1507837552942,4,1,17,1,26,2
69934,1507836993346294,1507836993000,4,183176,1507838212102,4,1,17,1,26,2
69934,1507836993346294,1507836993000,4,233688,1507838336315,4,1,17,1,26,1
69934,1507836993346294,1507836993000,4,111043,1507838366315,4,1,17,1,26,1
95642,1507836994199295,1507836994000,2,119522,1507837154956,4,1,17,1,21,2
95642,1507836994199295,1507836994000,2,234192,1507837184956,4,1,17,1,21,2
5112,1507836994311296,1507836994000,3,183176,1507837234070,4,3,2,1,25,2
5112,1507836994311296,1507836994000,3,111043,1507837273026,4,3,2,1,25,2
5112,1507836994311296,1507836994000,3,233688,1507837303026,4,3,2,1,25,2
22213,1507836997180297,1507836997000,2,20691,1507841493634,4,3,2,1,21,2
22213,1507836997180297,1507836997000,2,288440,1507841523634,4,3,2,1,21,2
100719,1507836997260298,1507836997000,3,284793,1507837329259,4,3,2,1,20,1
100719,1507836997260298,1507836997000,3,84429,1507837439877,4,3,2,1,20,1
100719,1507836997260298,1507836997000,3,159529,1507837469877,4,3,2,1,20,1
231780,1507837000167299,1507837000000,2,297959,1507837098737,4,1,17,1,24,1
231780,1507837000167299,1507837000000,2,42430,1507837128737,4,1,17,1,24,1
96246,1507837001404300,1507837001000,2,57434,1507837055115,4,1,17,1,8,1
96246,1507837001404300,1507837001000,2,42158,1507837085115,4,1,17,1,8,1
184643,1507837001117301,1507837001000,2,233688,1507837615187,4,3,20,1,25,2
184643,1507837001117301,1507837001000,2,96210,1507837645187,4,3,20,1,25,2
10832,1507837002210302,1507837002000,3,285744,1507837122926,4,3,20,1,25,1
10832,1507837002210302,1507837002000,3,157973,1507837156871,4,3,20,1,25,1
10832,1507837002210302,1507837002000,3,96586,1507837186871,4,3,20,1,25,1
290520,1507837011110303,1507837011000,2,42430,1507837592312,4,3,20,1,18,1
290520,1507837011110303,1507837011000,2,74722,1507837622312,4,3,20,1,18,1
94455,1507837011369304,1507837011000,3,234192,1507837030616,4,1,17,1,21,1
94455,1507837011369304,1507837011000,3,236428,1507837113651,4,1,17,1,21,1
94455,1507837011369304,1507837011000,3,233688,1507837143651,4,1,17,1,21,1
2509,1507837012408305,1507837012000,2,133160,1507837012958,4,4,20,11,28,2
2509,1507837012408305,1507837012000,2,233742,1507837042958,4,4,20,11,28,2
31671,1507837013239306,1507837013000,3,263896,1507837013495,4,1,17,1,21,6
31671,1507837013239306,1507837013000,3,236095,1507837314547,4,1,17,1,21,1
31671,1507837013239306,1507837013000,3,234006,1507837344547,4,1,17,1,21,1
88077,1507837017358307,1507837017000,2,233742,1507838556429,4,3,2,1,16,2
88077,1507837017358307,1507837017000,2,336245,1507838586429,4,3,2,1,16,2
252442,1507837018195308,1507837018000,2,111043,1507838048886,4,1,17,1,5,2
252442,1507837018195308,1507837018000,2,183176,1507838078886,4,1,17,1,5,2
290521,1507837019133309,1507837019000,2,141416,1507837019079,4,1,17,1,6,5
290521,1507837019133309,1507837019000,2,141004,1507837049079,4,1,17,1,6,5
95944,1507837020189310,1507837020000,4,348112,1507837091655,4,1,17,1,19,1
95944,1507837020189310,1507837020000,4,354580,1507837272735,4,1,17,1,19,1
95944,1507837020189310,1507837020000,4,149706,1507837279544,4,1,17,1,19,1
95944,1507837020189310,1507837020000,4,202388,1507837309544,4,1,17,1,19,1
229503,1507837020349311,1507837020000,4,348093,1507837099389,4,3,2,1,21,2
229503,1507837020349311,1507837020000,4,348112,1507837798599,4,3,2,1,21,1
229503,1507837020349311,1507837020000,4,136474,1507838257695,4,3,2,1,21,1
229503,1507837020349311,1507837020000,4,336245,1507838287695,4,3,2,1,21,1
19999,1507837020341312,1507837020000,3,327984,1507837096945,4,3,2,1,20,2
19999,1507837020341312,1507837020000,3,233742,1507837567306,4,3,2,1,20,2
19999,1507837020341312,1507837020000,3,233688,1507837597306,4,3,2,1,20,2
110658,1507837021149313,1507837021000,2,159529,1507837190822,4,3,2,1,25,2
110658,1507837021149313,1507837021000,2,233742,1507837220822,4,3,2,1,25,2
30706,1507837022625314,1507837022000,10,297865,1507837098620,4,1,17,1,24,1
30706,1507837022625314,1507837022000,10,294110,1507837153703,4,1,17,1,24,4
30706,1507837022625314,1507837022000,10,300230,1507837321514,4,1,17,1,24,1
30706,1507837022625314,1507837022000,10,298364,1507837473129,4,1,17,1,24,1
30706,1507837022625314,1507837022000,10,298585,1507837601684,4,1,17,1,24,1
30706,1507837022625314,1507837022000,10,300937,1507837793207,4,1,17,1,24,1
30706,1507837022625314,1507837022000,10,352265,1507838100122,4,1,17,1,24,5
30706,1507837022625314,1507837022000,10,284793,1507838162881,4,1,17,1,24,5
30706,1507837022625314,1507837022000,10,283192,1507838307655,4,1,17,1,24,1
30706,1507837022625314,1507837022000,10,50569,1507838337655,4,1,17,1,24,1
69122,1507837022283315,1507837022000,5,348093,1507837082654,4,1,17,1,25,2
69122,1507837022283315,1507837022000,5,20691,1507850702954,4,1,17,1,25,2
69122,1507837022283315,1507837022000,5,288440,1507850705510,4,1,17,1,25,2
69122,1507837022283315,1507837022000,5,183176,1507851097134,4,1,17,1,25,2
69122,1507837022283315,1507837022000,5,111043,1507851127134,4,1,17,1,25,2
32599,1507837022222316,1507837022000,2,159529,1507838241677,4,1,17,1,21,2
32599,1507837022222316,1507837022000,2,336245,1507838271677,4,1,17,1,21,2
29545,1507837026829317,1507837026000,2,96252,1507837048124,4,3,2,1,16,2
29545,1507837026829317,1507837026000,2,93145,1507837078124,4,3,2,1,16,2
9623,1507837027187318,1507837027000,2,166304,1507837452370,4,1,17,1,13,5
9623,1507837027187318,1507837027000,2,333699,1507837482370,4,1,17,1,13,5
165591,1507837030357319,1507837030000,3,62548,1507837082420,4,3,2,1,25,6
165591,1507837030357319,1507837030000,3,336245,1507837179278,4,3,2,1,25,1
165591,1507837030357319,1507837030000,3,293218,1507837209278,4,3,2,1,25,1
41207,1507837032101320,1507837032000,2,233688,1507837287743,4,3,2,1,24,2
41207,1507837032101320,1507837032000,2,111043,1507837317743,4,3,2,1,24,2
151399,1507837033341321,1507837033000,2,159529,1507837211065,2,4,2,1,16,2
151399,1507837033341321,1507837033000,2,233742,1507837241065,2,4,2,1,16,2
174474,1507837033408322,1507837033000,2,233688,1507838513553,4,3,2,1,25,1
174474,1507837033408322,1507837033000,2,336245,1507838543553,4,3,2,1,25,1
7595,1507837033365323,1507837033000,5,111043,1507837092433,4,1,17,1,13,1
7595,1507837033365323,1507837033000,5,285533,1507837335012,4,1,17,1,13,1
7595,1507837033365323,1507837033000,5,352265,1507837686645,4,1,17,1,13,1
7595,1507837033365323,1507837033000,5,159529,1507837774352,4,1,17,1,13,1
7595,1507837033365323,1507837033000,5,327984,1507837804352,4,1,17,1,13,1
273149,1507837033353324,1507837033000,2,348093,1507837066320,4,3,20,1,12,2
273149,1507837033353324,1507837033000,2,233742,1507837096320,4,3,20,1,12,2
41910,1507837034346325,1507837034000,3,348093,1507837071243,4,1,12,1,25,1
41910,1507837034346325,1507837034000,3,183176,1507837675425,4,1,12,1,25,1
41910,1507837034346325,1507837034000,3,215993,1507837705425,4,1,12,1,25,1
10376,1507837035428326,1507837035000,3,156381,1507837049756,4,1,17,1,26,1
10376,1507837035428326,1507837035000,3,304040,1507837459544,4,1,17,1,26,1
10376,1507837035428326,1507837035000,3,42430,1507837489544,4,1,17,1,26,1
99057,1507837037184327,1507837037000,5,159529,1507837418959,4,3,2,1,25,2
99057,1507837037184327,1507837037000,5,233742,1507837538061,4,3,2,1,25,1
99057,1507837037184327,1507837037000,5,336245,1507837636319,4,3,2,1,25,1
99057,1507837037184327,1507837037000,5,96074,1507838104171,4,3,2,1,25,2
99057,1507837037184327,1507837037000,5,285533,1507838134171,4,3,2,1,25,2
78131,1507837044351328,1507837044000,3,159529,1507837682010,4,1,17,1,25,2
78131,1507837044351328,1507837044000,3,96074,1507838100094,4,1,17,1,25,2
78131,1507837044351328,1507837044000,3,233742,1507838130094,4,1,17,1,25,2
290522,1507837049322329,1507837049000,4,119522,1507837116617,4,1,17,1,9,2
290522,1507837049322329,1507837049000,4,159529,1507837134795,4,1,17,1,9,2
290522,1507837049322329,1507837049000,4,336245,1507837344405,4,1,17,1,9,1
290522,1507837049322329,1507837049000,4,327984,1507837374405,4,1,17,1,9,1
130839,1507837056118330,1507837056000,2,348112,1507837123568,4,3,2,1,25,1
130839,1507837056118330,1507837056000,2,32755,1507837153568,4,3,2,1,25,1
75903,1507837056832331,1507837056000,4,348093,1507837733366,4,1,17,1,13,2
75903,1507837056832331,1507837056000,4,159529,1507837750957,4,1,17,1,13,2
75903,1507837056832331,1507837056000,4,266009,1507838159884,4,1,17,1,13,6
75903,1507837056832331,1507837056000,4,50569,1507838189884,4,1,17,1,13,6
2169,1507837060363332,1507837060000,2,336245,1507837992165,4,3,20,1,21,2
2169,1507837060363332,1507837060000,2,48485,1507838022165,4,3,20,1,21,2
290523,1507837062410333,1507837062000,3,236512,1507837204239,4,3,2,1,25,1
290523,1507837062410333,1507837062000,3,236561,1507837316557,4,3,2,1,25,1
290523,1507837062410333,1507837062000,3,283220,1507837346557,4,3,2,1,25,1
209398,1507837062233334,1507837062000,3,233688,1507840405230,4,1,17,1,21,2
209398,1507837062233334,1507837062000,3,288440,1507844322426,4,1,17,1,21,2
209398,1507837062233334,1507837062000,3,20691,1507844352426,4,1,17,1,21,2
2058,1507837063335335,1507837063000,2,352265,1507837244306,4,1,17,1,21,1
2058,1507837063335335,1507837063000,2,159529,1507837274306,4,1,17,1,21,1
290524,1507837063377336,1507837063000,2,331041,1507837184018,4,1,17,1,25,1
290524,1507837063377336,1507837063000,2,84429,1507837214018,4,1,17,1,25,1
44010,1507837065320337,1507837065000,2,183176,1507837079519,4,3,2,1,13,1
44010,1507837065320337,1507837065000,2,156381,1507837109519,4,3,2,1,13,1
237285,1507837066177338,1507837066000,2,159529,1507839817112,4,3,2,1,5,2
237285,1507837066177338,1507837066000,2,9308,1507839847112,4,3,2,1,5,2
26445,1507837070268339,1507837070000,3,348093,1507837123226,4,1,17,1,25,2
26445,1507837070268339,1507837070000,3,183176,1507837808488,4,1,17,1,25,2
26445,1507837070268339,1507837070000,3,208150,1507837838488,4,1,17,1,25,2
27310,1507837074199340,1507837074000,2,233688,1507840262413,4,3,20,1,6,2
27310,1507837074199340,1507837074000,2,183176,1507840292413,4,3,20,1,6,2
290525,1507837074370341,1507837074000,2,288440,1507843242549,4,1,17,1,2,2
290525,1507837074370341,1507837074000,2,159529,1507843272549,4,1,17,1,2,2
290526,1507837078151342,1507837078000,3,42475,1507837721039,4,1,17,1,25,1
290526,1507837078151342,1507837078000,3,293348,1507837900235,4,1,17,1,25,1
290526,1507837078151342,1507837078000,3,42959,1507837930235,4,1,17,1,25,1
14372,1507837080175343,1507837080000,3,348093,1507837135009,4,3,2,1,21,1
14372,1507837080175343,1507837080000,3,355161,1507837224705,4,3,2,1,21,1
14372,1507837080175343,1507837080000,3,336245,1507837254705,4,3,2,1,21,1
86590,1507837081308344,1507837081000,2,348093,1507837105436,4,4,20,9,28,1
86590,1507837081308344,1507837081000,2,70649,1507837135436,4,4,20,9,28,1
290527,1507837084934345,1507837084000,2,156381,1507837160313,4,3,2,1,20,1
290527,1507837084934345,1507837084000,2,285533,1507837190313,4,3,2,1,20,1
290528,1507837085799346,1507837085000,3,159529,1507837325560,4,3,2,1,25,2
290528,1507837085799346,1507837085000,3,233688,1507837875122,4,3,2,1,25,2
290528,1507837085799346,1507837085000,3,183176,1507837905122,4,3,2,1,25,2
106847,1507837086305347,1507837086000,2,348093,1507837115227,4,3,20,1,25,2
106847,1507837086305347,1507837086000,2,96252,1507837145227,4,3,20,1,25,2
124459,1507837086329348,1507837086000,2,99181,1507838091201,4,1,17,1,21,5
124459,1507837086329348,1507837086000,2,101988,1507838121201,4,1,17,1,21,5
290529,1507837088243349,1507837088000,2,149706,1507838607048,4,3,2,1,5,4
290529,1507837088243349,1507837088000,2,183176,1507838637048,4,3,2,1,5,4
139494,1507837093876350,1507837093000,2,159529,1507837147747,4,3,2,1,24,2
139494,1507837093876350,1507837093000,2,183176,1507837177747,4,3,2,1,24,2
83767,1507837093139351,1507837093000,2,149706,1507837111309,4,1,17,1,25,5
83767,1507837093139351,1507837093000,2,208562,1507837141309,4,1,17,1,25,5
290530,1507837095853352,1507837095000,2,159529,1507837216152,4,1,17,1,9,2
290530,1507837095853352,1507837095000,2,119522,1507837246152,4,1,17,1,9,2
7885,1507837096132353,1507837096000,6,336245,1507844670532,4,1,17,1,25,2
7885,1507837096132353,1507837096000,6,237611,1507855089520,4,1,17,1,25,2
7885,1507837096132353,1507837096000,6,50569,1507855609766,4,1,17,1,25,1
7885,1507837096132353,1507837096000,6,337441,1507866886483,4,1,17,1,25,2
7885,1507837096132353,1507837096000,6,96210,1507866949703,4,1,17,1,25,2
7885,1507837096132353,1507837096000,6,20691,1507866979703,4,1,17,1,25,2
101482,1507837097151354,1507837097000,3,156381,1507837138976,4,3,2,1,13,1
101482,1507837097151354,1507837097000,3,211723,1507837516322,4,3,2,1,13,1
101482,1507837097151354,1507837097000,3,211401,1507837546322,4,3,2,1,13,1
37871,1507837098184355,1507837098000,2,233742,1507837406692,4,1,17,1,16,2
37871,1507837098184355,1507837098000,2,111043,1507837436692,4,1,17,1,16,2
290531,1507837099416356,1507837099000,2,233742,1507837204272,2,3,20,1,21,2
290531,1507837099416356,1507837099000,2,234192,1507837234272,2,3,20,1,21,2
167038,1507837103140357,1507837103000,6,100924,1507837191689,4,1,12,1,21,1
167038,1507837103140357,1507837103000,6,283116,1507837480686,4,1,12,1,21,1
167038,1507837103140357,1507837103000,6,234192,1507837580838,4,1,12,1,21,1
167038,1507837103140357,1507837103000,6,236428,1507837723057,4,1,12,1,21,1
167038,1507837103140357,1507837103000,6,96210,1507837815107,4,1,12,1,21,1
167038,1507837103140357,1507837103000,6,96127,1507837845107,4,1,12,1,21,1
34211,1507837103521358,1507837103000,2,96252,1507838857848,4,1,17,1,20,2
34211,1507837103521358,1507837103000,2,270675,1507838887848,4,1,17,1,20,2
1716,1507837107350359,1507837107000,3,156381,1507837147528,2,4,2,1,13,1
1716,1507837107350359,1507837107000,3,336245,1507838075198,2,4,2,1,13,1
1716,1507837107350359,1507837107000,3,348112,1507838105198,2,4,2,1,13,1
33360,1507837108291360,1507837108000,4,283192,1507837112559,4,3,2,1,7,5
33360,1507837108291360,1507837108000,4,9308,1507837243959,4,3,2,1,7,1
33360,1507837108291360,1507837108000,4,327984,1507837813190,4,3,2,1,7,2
33360,1507837108291360,1507837108000,4,336245,1507837843190,4,3,2,1,7,2
11682,1507837109211361,1507837109000,2,352265,1507837229040,4,1,17,1,16,1
11682,1507837109211361,1507837109000,2,208150,1507837259040,4,1,17,1,16,1
209114,1507837112211362,1507837112000,2,348109,1507837124190,4,1,17,1,8,2
209114,1507837112211362,1507837112000,2,348093,1507837154190,4,1,17,1,8,2
148098,1507837115229363,1507837115000,2,341720,1507837743153,4,4,20,1,25,1
148098,1507837115229363,1507837115000,2,341134,1507837773153,4,4,20,1,25,1
290532,1507837117188364,1507837117000,2,74722,1507837158083,4,3,2,1,25,4
290532,1507837117188364,1507837117000,2,357805,1507837188083,4,3,2,1,25,4
19731,1507837118197365,1507837118000,3,234192,1507837236433,4,3,20,1,24,2
19731,1507837118197365,1507837118000,3,239635,1507837405789,4,3,20,1,24,1
19731,1507837118197365,1507837118000,3,123953,1507837435789,4,3,20,1,24,1
23195,1507837119936366,1507837119000,3,233742,1507837873469,4,3,2,1,17,2
23195,1507837119936366,1507837119000,3,234192,1507838391193,4,3,2,1,17,2
23195,1507837119936366,1507837119000,3,233688,1507838421193,4,3,2,1,17,2
290533,1507837120845367,1507837120000,3,159529,1507837155131,4,3,2,1,5,2
290533,1507837120845367,1507837120000,3,233742,1507838560582,4,3,2,1,26,1
290533,1507837120845367,1507837120000,3,336245,1507838590582,4,3,2,1,26,1
35596,1507837123320368,1507837123000,3,159529,1507837190631,4,3,2,1,20,2
35596,1507837123320368,1507837123000,3,211723,1507837505635,4,3,2,1,20,1
35596,1507837123320368,1507837123000,3,215993,1507837535635,4,3,2,1,20,1
8548,1507837124550369,1507837124000,2,214084,1507837340754,4,1,17,1,25,1
8548,1507837124550369,1507837124000,2,285744,1507837370754,4,1,17,1,25,1
142947,1507837125395370,1507837125000,2,159529,1507838670767,4,3,20,1,24,2
142947,1507837125395370,1507837125000,2,336245,1507838700767,4,3,20,1,24,2
93160,1507837126471371,1507837126000,3,96252,1507837445241,4,1,17,1,16,2
93160,1507837126471371,1507837126000,3,214084,1507839970968,4,1,17,1,16,1
93160,1507837126471371,1507837126000,3,211394,1507840000968,4,1,17,1,16,1
224262,1507837129284372,1507837129000,2,327984,1507837202590,4,3,2,1,16,2
224262,1507837129284372,1507837129000,2,111043,1507837232590,4,3,2,1,16,2
112955,1507837131347373,1507837131000,2,348112,1507837224436,4,3,20,1,16,1
112955,1507837131347373,1507837131000,2,292424,1507837254436,4,3,20,1,16,1
17268,1507837132263374,1507837132000,3,348112,1507837211789,4,3,20,1,21,1
17268,1507837132263374,1507837132000,3,236512,1507837719008,4,3,20,1,21,5
17268,1507837132263374,1507837132000,3,100924,1507837749008,4,3,20,1,21,5
113297,1507837134316375,1507837134000,3,233742,1507837380640,4,1,17,1,10,2
113297,1507837134316375,1507837134000,3,336245,1507837698088,4,1,17,1,10,1
113297,1507837134316375,1507837134000,3,96210,1507837728088,4,1,17,1,10,1
35252,1507837135104376,1507837135000,3,159529,1507837258980,4,3,20,1,13,2
35252,1507837135104376,1507837135000,3,327984,1507837474609,4,3,20,1,13,2
35252,1507837135104376,1507837135000,3,119522,1507837504609,4,3,20,1,13,2
152897,1507837135186377,1507837135000,2,348093,1507837135086,4,3,20,1,8,2
152897,1507837135186377,1507837135000,2,348109,1507837165086,4,3,20,1,8,2
76489,1507837135364378,1507837135000,2,348093,1507837191028,4,3,2,1,21,2
76489,1507837135364378,1507837135000,2,119522,1507837221028,4,3,2,1,21,2
153153,1507837137346379,1507837137000,2,348112,1507837483387,4,3,2,1,21,1
153153,1507837137346379,1507837137000,2,211723,1507837513387,4,3,2,1,21,1
15382,1507837138287380,1507837138000,2,284793,1507837188649,4,1,17,1,25,1
15382,1507837138287380,1507837138000,2,327984,1507837218649,4,1,17,1,25,1
195583,1507837142390381,1507837142000,3,285533,1507837661766,4,1,17,1,21,1
195583,1507837142390381,1507837142000,3,162276,1507837977409,4,1,17,1,21,1
195583,1507837142390381,1507837142000,3,168633,1507838007409,4,1,17,1,21,1
290534,1507837143449382,1507837143000,4,233688,1507837259328,4,3,2,1,25,2
290534,1507837143449382,1507837143000,4,348109,1507837271502,4,3,2,1,25,2
290534,1507837143449382,1507837143000,4,183176,1507837279669,4,3,2,1,25,2
290534,1507837143449382,1507837143000,4,336245,1507837309669,4,3,2,1,25,2
189664,1507837143395383,1507837143000,3,348093,1507837212235,4,1,17,1,25,2
189664,1507837143395383,1507837143000,3,111043,1507837549655,4,1,17,1,25,2
189664,1507837143395383,1507837143000,3,233688,1507837579655,4,1,17,1,25,2
2067,1507837145260384,1507837145000,2,84914,1507837760712,4,3,2,1,17,7
2067,1507837145260384,1507837145000,2,235854,1507837790712,4,3,2,1,17,7
273412,1507837150352385,1507837150000,2,348093,1507838125280,4,1,17,1,21,2
273412,1507837150352385,1507837150000,2,233742,1507838155280,4,1,17,1,21,2
41895,1507837153276386,1507837153000,2,348109,1507837574245,4,3,2,1,25,2
41895,1507837153276386,1507837153000,2,183176,1507837604245,4,3,2,1,25,2
232824,1507837154178387,1507837154000,3,156381,1507837183422,4,3,2,1,12,1
232824,1507837154178387,1507837154000,3,285533,1507837277090,4,3,2,1,12,1
232824,1507837154178387,1507837154000,3,113970,1507837307090,4,3,2,1,12,1
41005,1507837154704388,1507837154000,2,42430,1507837514268,4,1,17,1,26,1
41005,1507837154704388,1507837154000,2,214084,1507837544268,4,1,17,1,26,1
203375,1507837155638389,1507837155000,2,234192,1507837276498,4,3,2,1,21,7
203375,1507837155638389,1507837155000,2,119522,1507837306498,4,3,2,1,21,7
149166,1507837158226390,1507837158000,2,348093,1507837197483,4,3,2,1,8,2
149166,1507837158226390,1507837158000,2,111043,1507837227483,4,3,2,1,8,2
178077,1507837161274391,1507837161000,2,348093,1507837952022,4,1,17,1,25,2
178077,1507837161274391,1507837161000,2,96210,1507837982022,4,1,17,1,25,2
290535,1507837169342392,1507837169000,3,233742,1507837808230,4,3,2,1,4,2
290535,1507837169342392,1507837169000,3,15653,1507838227205,4,3,2,1,4,1
290535,1507837169342392,1507837169000,3,288440,1507838257205,4,3,2,1,4,1
290536,1507837174250393,1507837174000,2,336220,1507837680248,4,3,2,1,18,2
290536,1507837174250393,1507837174000,2,96210,1507837710248,4,3,2,1,18,2
215449,1507837182213394,1507837182000,2,348093,1507837207701,4,1,17,1,8,2
215449,1507837182213394,1507837182000,2,348109,1507837237701,4,1,17,1,8,2
72683,1507837187138395,1507837187000,2,233742,1507837647530,4,3,2,1,8,2
72683,1507837187138395,1507837187000,2,234192,1507837677530,4,3,2,1,8,2
281194,1507837189186396,1507837189000,4,327984,1507837235979,4,3,2,1,21,2
281194,1507837189186396,1507837189000,4,119522,1507837255545,4,3,2,1,21,2
281194,1507837189186396,1507837189000,4,233688,1507837339924,4,3,2,1,21,2
281194,1507837189186396,1507837189000,4,111043,1507837369924,4,3,2,1,21,2
29960,1507837192775397,1507837192000,4,183176,1507837571678,4,3,2,1,5,2
29960,1507837192775397,1507837192000,4,233688,1507837660118,4,3,2,1,5,2
29960,1507837192775397,1507837192000,4,30957,1507837819685,4,3,2,1,5,1
29960,1507837192775397,1507837192000,4,31618,1507837849685,4,3,2,1,5,1
26443,1507837192238398,1507837192000,2,159529,1507837518036,4,4,20,9,28,2
26443,1507837192238398,1507837192000,2,111043,1507837548036,4,4,20,9,28,2
89410,1507837192428399,1507837192000,2,348093,1507839061263,4,1,17,1,16,2
89410,1507837192428399,1507837192000,2,159529,1507839091263,4,1,17,1,16,2
290537,1507837193134400,1507837193000,2,352098,1507837516262,4,1,17,1,25,1
290537,1507837193134400,1507837193000,2,215993,1507837546262,4,1,17,1,25,1
290538,1507837193363401,1507837193000,2,348093,1507837246542,4,1,17,1,25,2
290538,1507837193363401,1507837193000,2,233742,1507837276542,4,1,17,1,25,2
290539,1507837197713402,1507837197000,2,183176,1507837281551,2,4,2,1,20,1
290539,1507837197713402,1507837197000,2,352265,1507837311551,2,4,2,1,20,1
84767,1507837198188403,1507837198000,3,348093,1507837219709,4,1,17,1,25,2
84767,1507837198188403,1507837198000,3,119522,1507837384821,4,1,17,1,25,2
84767,1507837198188403,1507837198000,3,336245,1507837414821,4,1,17,1,25,2
290540,1507837200334404,1507837200000,2,183176,1507837542018,4,3,2,1,13,2
290540,1507837200334404,1507837200000,2,96210,1507837572018,4,3,2,1,13,2
38294,1507837202148405,1507837202000,2,156381,1507837263389,4,3,2,1,13,1
38294,1507837202148405,1507837202000,2,96210,1507837293389,4,3,2,1,13,1
122,1507837204404406,1507837204000,2,159529,1507838926632,4,3,20,1,16,2
122,1507837204404406,1507837204000,2,327984,1507838956632,4,3,20,1,16,2
28793,1507837205241407,1507837205000,2,348093,1507837226111,4,4,20,1,25,2
28793,1507837205241407,1507837205000,2,183176,1507837256111,4,4,20,1,25,2
214405,1507837206349408,1507837206000,2,123559,1507837248764,4,3,2,1,16,1
214405,1507837206349408,1507837206000,2,141416,1507837278764,4,3,2,1,16,1
180201,1507837206308409,1507837206000,2,183176,1507838114431,4,3,20,1,16,1
180201,1507837206308409,1507837206000,2,208562,1507838144431,4,3,20,1,16,1
290541,1507837211310410,1507837211000,2,183176,1507837275028,4,1,17,1,25,2
290541,1507837211310410,1507837211000,2,233688,1507837305028,4,1,17,1,25,2
23994,1507837213423411,1507837213000,4,183176,1507837769017,4,3,2,6,28,2
23994,1507837213423411,1507837213000,4,156691,1507838239591,4,3,2,6,28,1
23994,1507837213423411,1507837213000,4,96210,1507838382635,4,3,2,6,28,1
23994,1507837213423411,1507837213000,4,9308,1507838412635,4,3,2,6,28,1
290542,1507837219210412,1507837219000,2,156381,1507837245503,4,1,17,1,25,1
290542,1507837219210412,1507837219000,2,330894,1507837275503,4,1,17,1,25,1
25188,1507837221289413,1507837221000,3,137220,1507837239611,4,1,17,1,13,1
25188,1507837221289413,1507837221000,3,355157,1507838150299,4,1,17,1,13,1
25188,1507837221289413,1507837221000,3,355160,1507838180299,4,1,17,1,13,1
69586,1507837222160414,1507837222000,4,327984,1507837238937,4,1,17,1,9,2
69586,1507837222160414,1507837222000,4,336245,1507837336746,4,1,17,1,9,1
69586,1507837222160414,1507837222000,4,183176,1507837427125,4,1,17,1,9,2
69586,1507837222160414,1507837222000,4,111043,1507837457125,4,1,17,1,9,2
76218,1507837222190415,1507837222000,3,211723,1507837296357,4,1,12,2,28,1
76218,1507837222190415,1507837222000,3,214658,1507837316284,4,1,12,2,28,1
76218,1507837222190415,1507837222000,3,336245,1507837346284,4,1,12,2,28,1
29105,1507837225202416,1507837225000,6,159529,1507837395310,4,3,2,1,21,2
29105,1507837225202416,1507837225000,6,119522,1507837621685,4,3,2,1,21,1
29105,1507837225202416,1507837225000,6,145692,1507837689624,4,3,2,1,21,1
29105,1507837225202416,1507837225000,6,336245,1507838049057,4,3,2,1,21,1
29105,1507837225202416,1507837225000,6,20691,1507838168662,4,3,2,1,21,1
29105,1507837225202416,1507837225000,6,256772,1507838198662,4,3,2,1,21,1
290543,1507837227139417,1507837227000,3,234192,1507837287346,4,1,17,1,21,2
290543,1507837227139417,1507837227000,3,336245,1507837323511,4,1,17,1,21,7
290543,1507837227139417,1507837227000,3,96210,1507837353511,4,1,17,1,21,7
31325,1507837228331418,1507837228000,2,159529,1507837400298,2,4,2,1,7,2
31325,1507837228331418,1507837228000,2,336245,1507837430298,2,4,2,1,7,2
142282,1507837228420419,1507837228000,3,348093,1507837239296,4,1,12,1,25,1
142282,1507837228420419,1507837228000,3,284793,1507837253113,4,1,12,1,25,1
142282,1507837228420419,1507837228000,3,75843,1507837283113,4,1,12,1,25,1
8780,1507837231397420,1507837231000,2,233688,1507837327874,4,1,17,1,25,2
8780,1507837231397420,1507837231000,2,183176,1507837357874,4,1,17,1,25,2
290544,1507837231221421,1507837231000,3,285533,1507837302189,4,3,2,1,25,2
290544,1507837231221421,1507837231000,3,233688,1507837657929,4,3,2,1,25,2
290544,1507837231221421,1507837231000,3,348109,1507837687929,4,3,2,1,25,2
230000,1507837234104422,1507837234000,2,250067,1507837332396,4,1,17,1,21,1
230000,1507837234104422,1507837234000,2,348109,1507837362396,4,1,17,1,21,1
68995,1507837234298423,1507837234000,3,283192,1507837900055,4,3,2,1,25,1
68995,1507837234298423,1507837234000,3,9308,1507838206282,4,3,2,1,25,1
68995,1507837234298423,1507837234000,3,250235,1507838236282,4,3,2,1,25,1
130591,1507837234411424,1507837234000,3,119522,1507837479735,4,1,17,1,6,2
130591,1507837234411424,1507837234000,3,233688,1507837486383,4,1,17,1,6,1
130591,1507837234411424,1507837234000,3,224702,1507837516383,4,1,17,1,6,1
15679,1507837236355425,1507837236000,6,285533,1507838107290,4,1,17,1,21,1
15679,1507837236355425,1507837236000,6,156381,1507838439915,4,1,17,1,21,1
15679,1507837236355425,1507837236000,6,348093,1507838928582,4,1,17,1,21,1
15679,1507837236355425,1507837236000,6,205873,1507839189173,4,1,17,1,21,1
15679,1507837236355425,1507837236000,6,352265,1507839595084,4,1,17,1,21,1
15679,1507837236355425,1507837236000,6,96252,1507839625084,4,1,17,1,21,1
290545,1507837237422426,1507837237000,2,348093,1507837282668,4,4,2,1,16,2
290545,1507837237422426,1507837237000,2,111043,1507837312668,4,4,2,1,16,2
74374,1507837239590427,1507837239000,3,348628,1507837353586,4,1,17,1,9,5
74374,1507837239590427,1507837239000,3,348112,1507837401463,4,1,17,1,9,5
74374,1507837239590427,1507837239000,3,348093,1507837431463,4,1,17,1,9,5
7025,1507837240169428,1507837240000,2,348093,1507837293070,4,3,2,1,17,2
7025,1507837240169428,1507837240000,2,9308,1507837323070,4,3,2,1,17,2
149003,1507837240352429,1507837240000,3,348093,1507837320757,4,3,2,1,11,2
149003,1507837240352429,1507837240000,3,42430,1507837758475,4,3,2,1,11,1
149003,1507837240352429,1507837240000,3,96210,1507837788475,4,3,2,1,11,1
54032,1507837240118430,1507837240000,2,111043,1507837275459,4,3,20,1,25,1
54032,1507837240118430,1507837240000,2,348112,1507837305459,4,3,20,1,25,1
29333,1507837242318431,1507837242000,3,348093,1507837322490,4,1,17,1,8,2
29333,1507837242318431,1507837242000,3,327984,1507837904570,4,1,17,1,8,2
29333,1507837242318431,1507837242000,3,288440,1507837934570,4,1,17,1,8,2
72064,1507837246277432,1507837246000,4,156381,1507837265247,4,3,20,1,8,1
72064,1507837246277432,1507837246000,4,348112,1507837770309,4,3,20,1,8,1
72064,1507837246277432,1507837246000,4,348089,1507838238687,4,3,20,1,8,1
72064,1507837246277432,1507837246000,4,348140,1507838268687,4,3,20,1,8,1
290546,1507837247327433,1507837247000,2,111043,1507837740410,4,3,2,1,20,2
290546,1507837247327433,1507837247000,2,183176,1507837770410,4,3,2,1,20,2
290547,1507837250113434,1507837250000,2,277139,1507837360365,4,3,2,1,25,1
290547,1507837250113434,1507837250000,2,352265,1507837390365,4,3,2,1,25,1
150018,1507837250330435,1507837250000,2,284793,1507837325293,4,3,20,1,25,1
150018,1507837250330435,1507837250000,2,233688,1507837355293,4,3,20,1,25,1
70714,1507837254105436,1507837254000,2,159529,1507839354698,4,3,2,1,6,2
70714,1507837254105436,1507837254000,2,233742,1507839384698,4,3,2,1,6,2
80814,1507837254107437,1507837254000,3,326522,1507837254071,4,1,17,1,25,5
80814,1507837254107437,1507837254000,3,325865,1507837410423,4,1,17,1,25,1
80814,1507837254107437,1507837254000,3,325818,1507837440423,4,1,17,1,25,1
122606,1507837256209438,1507837256000,2,283192,1507837321172,4,1,17,1,24,1
122606,1507837256209438,1507837256000,2,336245,1507837351172,4,1,17,1,24,1
27799,1507837256624439,1507837256000,2,348093,1507837315155,4,3,20,1,13,2
27799,1507837256624439,1507837256000,2,96074,1507837345155,4,3,20,1,13,2
86774,1507837257402440,1507837257000,3,159529,1507837495557,4,3,2,1,16,2
86774,1507837257402440,1507837257000,3,336245,1507837688940,4,3,2,1,16,1
86774,1507837257402440,1507837257000,3,348112,1507837718940,4,3,2,1,16,1
150196,1507837258371441,1507837258000,2,348093,1507837375581,4,3,20,1,8,2
150196,1507837258371441,1507837258000,2,159529,1507837405581,4,3,20,1,8,2
160817,1507837264181442,1507837264000,2,159529,1507837301734,4,1,17,1,21,2
160817,1507837264181442,1507837264000,2,233742,1507837331734,4,1,17,1,21,2
108890,1507837264276443,1507837264000,3,96252,1507837365370,4,1,17,1,2,2
108890,1507837264276443,1507837264000,3,119522,1507837520657,4,1,17,1,2,2
108890,1507837264276443,1507837264000,3,118577,1507837550657,4,1,17,1,2,2
12137,1507837277161444,1507837277000,2,284793,1507837601140,4,1,17,1,8,1
12137,1507837277161444,1507837277000,2,214084,1507837631140,4,1,17,1,8,1
13019,1507837279602445,1507837279000,2,233742,1507837543832,4,3,2,1,21,2
13019,1507837279602445,1507837279000,2,234192,1507837573832,4,3,2,1,21,2
290548,1507837279112446,1507837279000,5,348093,1507837789362,4,1,17,1,7,2
290548,1507837279112446,1507837279000,5,84892,1507838302613,4,1,17,1,7,1
290548,1507837279112446,1507837279000,5,233688,1507839076791,4,1,17,1,7,2
290548,1507837279112446,1507837279000,5,348109,1507839092604,4,1,17,1,7,2
290548,1507837279112446,1507837279000,5,183176,1507839122604,4,1,17,1,7,2
24022,1507837285187447,1507837285000,4,336245,1507843333433,4,1,17,1,20,2
24022,1507837285187447,1507837285000,4,50569,1507843813881,4,1,17,1,20,1
24022,1507837285187447,1507837285000,4,270547,1507845311111,4,1,17,1,20,1
24022,1507837285187447,1507837285000,4,272544,1507845341111,4,1,17,1,20,1
90593,1507837287205448,1507837287000,2,348093,1507837297878,4,3,2,1,24,2
90593,1507837287205448,1507837287000,2,183176,1507837327878,4,3,2,1,24,2
290549,1507837289220449,1507837289000,2,233742,1507837376319,4,1,17,1,5,2
290549,1507837289220449,1507837289000,2,32755,1507837406319,4,1,17,1,5,2
290550,1507837290755450,1507837290000,2,233688,1507838514116,4,3,20,1,8,2
290550,1507837290755450,1507837290000,2,362378,1507838544116,4,3,20,1,8,2
518,1507837291260451,1507837291000,5,156381,1507837318868,4,1,17,1,21,1
518,1507837291260451,1507837291000,5,162276,1507837348086,4,1,17,1,21,1
518,1507837291260451,1507837291000,5,158094,1507837424473,4,1,17,1,21,1
518,1507837291260451,1507837291000,5,96074,1507837767340,4,1,17,1,21,2
518,1507837291260451,1507837291000,5,96060,1507837797340,4,1,17,1,21,2
107345,1507837291247452,1507837291000,2,214084,1507837442967,4,1,17,1,25,6
107345,1507837291247452,1507837291000,2,348093,1507837472967,4,1,17,1,25,6
290551,1507837292168453,1507837292000,2,20691,1507843592476,4,1,17,1,4,2
290551,1507837292168453,1507837292000,2,336245,1507843622476,4,1,17,1,4,2
227384,1507837295343454,1507837295000,2,96252,1507837325644,4,3,2,1,25,2
227384,1507837295343454,1507837295000,2,233742,1507837355644,4,3,2,1,25,2
95856,1507837295924455,1507837295000,2,205873,1507842192320,4,3,2,1,8,1
95856,1507837295924455,1507837295000,2,235383,1507842222320,4,3,2,1,8,1
154718,1507837295198456,1507837295000,3,96074,1507838518054,4,3,20,1,20,2
154718,1507837295198456,1507837295000,3,233688,1507838643475,4,3,20,1,20,1
154718,1507837295198456,1507837295000,3,215993,1507838673475,4,3,20,1,20,1
221789,1507837298840457,1507837298000,12,286786,1507838626336,4,3,2,1,25,5
221789,1507837298840457,1507837298000,12,96103,1507838931184,4,3,2,1,25,1
221789,1507837298840457,1507837298000,12,9308,1507839192267,4,3,2,1,25,1
221789,1507837298840457,1507837298000,12,336245,1507839388939,4,3,2,1,25,1
221789,1507837298840457,1507837298000,12,96210,1507839480381,4,3,2,1,25,1
221789,1507837298840457,1507837298000,12,15447,1507839602495,4,3,2,1,25,1
221789,1507837298840457,1507837298000,12,14200,1507839630647,4,3,2,1,25,1
221789,1507837298840457,1507837298000,12,3438,1507839695223,4,3,2,1,25,1
221789,1507837298840457,1507837298000,12,2043,1507839739785,4,3,2,1,25,1
221789,1507837298840457,1507837298000,12,4549,1507839773216,4,3,2,1,25,1
221789,1507837298840457,1507837298000,12,348140,1507839829000,4,3,2,1,25,1
221789,1507837298840457,1507837298000,12,348089,1507839859000,4,3,2,1,25,1
230653,1507837302182458,1507837302000,2,297959,1507837409629,4,1,17,1,24,1
230653,1507837302182458,1507837302000,2,157973,1507837439629,4,1,17,1,24,1
251446,1507837303171459,1507837303000,3,42430,1507837433449,4,1,17,1,25,1
251446,1507837303171459,1507837303000,3,158512,1507837534543,4,1,17,1,25,1
251446,1507837303171459,1507837303000,3,50569,1507837564543,4,1,17,1,25,1
33616,1507837305180460,1507837305000,3,233742,1507839173999,2,4,2,1,13,2
33616,1507837305180460,1507837305000,3,348112,1507839479360,2,4,2,1,13,1
33616,1507837305180460,1507837305000,3,336245,1507839509360,2,4,2,1,13,1
54679,1507837305878461,1507837305000,3,96586,1507837534432,4,1,17,1,9,1
54679,1507837305878461,1507837305000,3,119522,1507837920042,4,1,17,1,9,2
54679,1507837305878461,1507837305000,3,145692,1507837950042,4,1,17,1,9,2
20106,1507837305293462,1507837305000,2,327984,1507837406531,4,1,17,1,16,2
20106,1507837305293462,1507837305000,2,234192,1507837436531,4,1,17,1,16,2
290552,1507837306305463,1507837306000,2,348093,1507838544693,4,1,17,1,13,2
290552,1507837306305463,1507837306000,2,348089,1507838574693,4,1,17,1,13,2
74662,1507837307806464,1507837307000,3,348109,1507837781635,4,1,17,1,25,2
74662,1507837307806464,1507837307000,3,183176,1507837933533,4,1,17,1,25,2
74662,1507837307806464,1507837307000,3,336245,1507837963533,4,1,17,1,25,2
18049,1507837312396465,1507837312000,2,183176,1507837332337,4,3,20,10,28,1
18049,1507837312396465,1507837312000,2,233688,1507837362337,4,3,20,10,28,1
48966,1507837314256466,1507837314000,2,42430,1507837394726,4,1,17,3,28,1
48966,1507837314256466,1507837314000,2,42158,1507837424726,4,1,17,3,28,1
290553,1507837317105467,1507837317000,2,205873,1507847156096,4,1,17,1,24,2
290553,1507837317105467,1507837317000,2,233688,1507847186096,4,1,17,1,24,2
290554,1507837317378468,1507837317000,2,159529,1507837391444,4,3,20,1,7,2
290554,1507837317378468,1507837317000,2,336245,1507837421444,4,3,20,1,7,2
103528,1507837318240469,1507837318000,2,272177,1507839028401,4,1,17,1,20,1
103528,1507837318240469,1507837318000,2,84914,1507839058401,4,1,17,1,20,1
238892,1507837319398470,1507837319000,2,336245,1507837544987,4,4,2,1,25,1
238892,1507837319398470,1507837319000,2,108857,1507837574987,4,4,2,1,25,1
290555,1507837319136471,1507837319000,2,233688,1507838467419,4,1,17,1,25,2
290555,1507837319136471,1507837319000,2,96210,1507838497419,4,1,17,1,25,2
36597,1507837323146472,1507837323000,2,233742,1507838225763,4,1,12,10,28,2
36597,1507837323146472,1507837323000,2,336245,1507838255763,4,1,12,10,28,2
264734,1507837323394473,1507837323000,2,183176,1507837458573,4,1,17,1,21,1
264734,1507837323394473,1507837323000,2,233688,1507837488573,4,1,17,1,21,1
29614,1507837324358474,1507837324000,2,348109,1507837593864,2,4,2,1,9,2
29614,1507837324358474,1507837324000,2,160096,1507837623864,2,4,2,1,9,2
153621,1507837327305475,1507837327000,3,233688,1507837377568,4,3,2,1,4,1
153621,1507837327305475,1507837327000,3,336245,1507837459208,4,3,2,1,4,1
153621,1507837327305475,1507837327000,3,215993,1507837489208,4,3,2,1,4,1
95792,1507837328370476,1507837328000,4,50405,1507837605097,4,1,17,1,20,1
95792,1507837328370476,1507837328000,4,96210,1507837968423,4,1,17,1,20,1
95792,1507837328370476,1507837328000,4,208562,1507838066914,4,1,17,1,20,1
95792,1507837328370476,1507837328000,4,50569,1507838096914,4,1,17,1,20,1
92752,1507837332264477,1507837332000,2,48673,1507837342574,4,1,17,1,6,1
92752,1507837332264477,1507837332000,2,47850,1507837372574,4,1,17,1,6,1
199068,1507837336473478,1507837336000,3,348093,1507837370168,4,3,20,1,25,2
199068,1507837336473478,1507837336000,3,233688,1507837808826,4,3,20,1,25,2
199068,1507837336473478,1507837336000,3,183176,1507837838826,4,3,20,1,25,2
157905,1507837338353479,1507837338000,7,159529,1507839870507,4,4,20,1,21,2
157905,1507837338353479,1507837338000,7,215993,1507840413494,4,4,20,1,21,1
157905,1507837338353479,1507837338000,7,283505,1507840623823,4,4,20,1,21,1
157905,1507837338353479,1507837338000,7,96210,1507840760120,4,4,20,1,21,1
157905,1507837338353479,1507837338000,7,194920,1507840938436,4,4,20,1,21,1
157905,1507837338353479,1507837338000,7,20691,1507841354575,4,4,20,1,21,2
157905,1507837338353479,1507837338000,7,47769,1507841384575,4,4,20,1,21,2
218043,1507837342429480,1507837342000,4,96252,1507837396841,4,3,2,1,25,2
218043,1507837342429480,1507837342000,4,119522,1507837587009,4,3,2,1,25,2
218043,1507837342429480,1507837342000,4,327984,1507837840305,4,3,2,1,25,2
218043,1507837342429480,1507837342000,4,84914,1507837870305,4,3,2,1,25,2
67481,1507837345405481,1507837345000,3,208562,1507837352969,4,3,20,1,21,7
67481,1507837345405481,1507837345000,3,336245,1507855412842,4,3,20,1,21,7
67481,1507837345405481,1507837345000,3,202522,1507855442842,4,3,20,1,21,7
283679,1507837346158482,1507837346000,2,159529,1507838003442,4,3,2,1,8,2
283679,1507837346158482,1507837346000,2,288440,1507838033442,4,3,2,1,8,2
107863,1507837347219483,1507837347000,2,96210,1507837375318,4,3,2,1,25,6
107863,1507837347219483,1507837347000,2,97608,1507837405318,4,3,2,1,25,6
290556,1507837348257484,1507837348000,2,348093,1507837914840,4,3,2,1,25,2
290556,1507837348257484,1507837348000,2,336245,1507837944840,4,3,2,1,25,2
65759,1507837350125485,1507837350000,3,183176,1507837669311,2,3,20,1,7,2
65759,1507837350125485,1507837350000,3,111043,1507837713915,2,3,20,1,7,2
65759,1507837350125485,1507837350000,3,283192,1507837743915,2,3,20,1,7,2
8243,1507837352183486,1507837352000,9,277139,1507837388934,4,1,17,1,6,1
8243,1507837352183486,1507837352000,9,327984,1507837564901,4,1,17,1,6,1
8243,1507837352183486,1507837352000,9,233742,1507838177589,4,1,17,1,6,1
8243,1507837352183486,1507837352000,9,156691,1507838480515,4,1,17,1,6,1
8243,1507837352183486,1507837352000,9,355163,1507838828682,4,1,17,1,6,1
8243,1507837352183486,1507837352000,9,50569,1507839007439,4,1,17,1,6,1
8243,1507837352183486,1507837352000,9,96210,1507839142195,4,1,17,1,6,1
8243,1507837352183486,1507837352000,9,183176,1507839515841,4,1,17,1,6,1
8243,1507837352183486,1507837352000,9,348112,1507839545841,4,1,17,1,6,1
23637,1507837356415487,1507837356000,2,348112,1507837384965,4,3,2,1,25,2
23637,1507837356415487,1507837356000,2,96210,1507837414965,4,3,2,1,25,2
202680,1507837356419488,1507837356000,2,236512,1507837628013,4,1,17,1,26,1
202680,1507837356419488,1507837356000,2,96210,1507837658013,4,1,17,1,26,1
3671,1507837361415489,1507837361000,2,111043,1507837467303,4,3,20,1,21,2
3671,1507837361415489,1507837361000,2,234192,1507837497303,4,3,20,1,21,2
269344,1507837363320490,1507837363000,3,159529,1507837527660,4,3,2,1,25,2
269344,1507837363320490,1507837363000,3,336245,1507837651950,4,3,2,1,25,1
269344,1507837363320490,1507837363000,3,96210,1507837681950,4,3,2,1,25,1
188095,1507837363239491,1507837363000,2,159529,1507837402516,4,3,20,1,16,2
188095,1507837363239491,1507837363000,2,233742,1507837432516,4,3,20,1,16,2
186241,1507837364286492,1507837364000,2,331041,1507841378312,4,1,17,1,25,1
186241,1507837364286492,1507837364000,2,336245,1507841408312,4,1,17,1,25,1
290557,1507837371221493,1507837371000,2,156381,1507837446334,4,1,17,1,20,1
290557,1507837371221493,1507837371000,2,336245,1507837476334,4,1,17,1,20,1
78687,1507837371747494,1507837371000,6,145692,1507837748908,4,1,17,1,13,1
78687,1507837371747494,1507837371000,6,9308,1507837835045,4,1,17,1,13,1
78687,1507837371747494,1507837371000,6,9649,1507838004442,4,1,17,1,13,1
78687,1507837371747494,1507837371000,6,10253,1507838078119,4,1,17,1,13,1
78687,1507837371747494,1507837371000,6,96210,1507838478937,4,1,17,1,13,1
78687,1507837371747494,1507837371000,6,233742,1507838508937,4,1,17,1,13,1
7971,1507837377408495,1507837377000,3,159529,1507837424139,2,4,2,10,28,2
7971,1507837377408495,1507837377000,3,327984,1507837592301,2,4,2,10,28,2
7971,1507837377408495,1507837377000,3,119522,1507837622301,2,4,2,10,28,2
290558,1507837378397496,1507837378000,2,156381,1507837461922,4,3,2,1,25,1
290558,1507837378397496,1507837378000,2,70731,1507837491922,4,3,2,1,25,1
521,1507837388226497,1507837388000,4,20691,1507844341324,4,3,2,1,21,2
521,1507837388226497,1507837388000,4,215993,1507845477539,4,3,2,1,21,1
521,1507837388226497,1507837388000,4,283505,1507845551954,4,3,2,1,21,1
521,1507837388226497,1507837388000,4,336245,1507845581954,4,3,2,1,21,1
109047,1507837389843498,1507837389000,2,348093,1507837441503,4,1,17,1,21,2
109047,1507837389843498,1507837389000,2,58580,1507837471503,4,1,17,1,21,2
290559,1507837390158499,1507837390000,2,348127,1507837464820,4,1,17,1,16,1
290559,1507837390158499,1507837390000,2,214084,1507837494820,4,1,17,1,16,1
101607,1507837392151500,1507837392000,2,96074,1507840280551,4,3,2,1,16,2
101607,1507837392151500,1507837392000,2,218331,1507840310551,4,3,2,1,16,2
290560,1507837396259501,1507837396000,2,348093,1507837425144,4,1,12,1,25,2
290560,1507837396259501,1507837396000,2,96252,1507837455144,4,1,12,1,25,2
2017,1507837397355502,1507837397000,3,348093,1507838267357,4,1,17,11,28,1
2017,1507837397355502,1507837397000,3,348112,1507838659545,4,1,17,11,28,1
2017,1507837397355502,1507837397000,3,348090,1507838689545,4,1,17,11,28,1
175806,1507837401148503,1507837401000,2,183176,1507837671978,4,3,20,1,13,2
175806,1507837401148503,1507837401000,2,111043,1507837701978,4,3,20,1,13,2
103014,1507837403286504,1507837403000,3,348093,1507839430766,4,3,2,1,13,2
103014,1507837403286504,1507837403000,3,96074,1507839468073,4,3,2,1,13,2
103014,1507837403286504,1507837403000,3,336245,1507839498073,4,3,2,1,13,2
152817,1507837406413505,1507837406000,3,75843,1507838255586,4,1,17,1,16,1
152817,1507837406413505,1507837406000,3,285130,1507839104017,4,1,17,1,16,1
152817,1507837406413505,1507837406000,3,15653,1507839134017,4,1,17,1,16,1
235748,1507837406413506,1507837406000,2,236512,1507838146125,4,3,20,1,21,1
235748,1507837406413506,1507837406000,2,285533,1507838176125,4,3,20,1,21,1
101820,1507837409155507,1507837409000,12,348093,1507837442621,4,1,17,1,19,1
101820,1507837409155507,1507837409000,12,348109,1507838037528,4,1,17,1,19,1
101820,1507837409155507,1507837409000,12,348081,1507838254848,4,1,17,1,19,1
101820,1507837409155507,1507837409000,12,336245,1507838387017,4,1,17,1,19,1
101820,1507837409155507,1507837409000,12,348114,1507838576400,4,1,17,1,19,1
101820,1507837409155507,1507837409000,12,348112,1507839797243,4,1,17,1,19,1
101820,1507837409155507,1507837409000,12,233688,1507840255535,4,1,17,1,19,1
101820,1507837409155507,1507837409000,12,254567,1507840541504,4,1,17,1,19,1
101820,1507837409155507,1507837409000,12,255334,1507840663173,4,1,17,1,19,1
101820,1507837409155507,1507837409000,12,161552,1507840745085,4,1,17,1,19,1
101820,1507837409155507,1507837409000,12,159135,1507840858030,4,1,17,1,19,1
101820,1507837409155507,1507837409000,12,264523,1507840888030,4,1,17,1,19,1
72322,1507837414205508,1507837414000,2,156381,1507837425405,4,1,12,1,13,7
72322,1507837414205508,1507837414000,2,336245,1507837455405,4,1,12,1,13,7
45916,1507837416428509,1507837416000,2,284793,1507837458265,4,1,17,1,25,7
45916,1507837416428509,1507837416000,2,352265,1507837488265,4,1,17,1,25,7
181381,1507837426232510,1507837426000,3,96252,1507837443544,4,3,2,1,9,2
181381,1507837426232510,1507837426000,3,327984,1507837849935,4,3,2,1,9,2
181381,1507837426232510,1507837426000,3,233742,1507837879935,4,3,2,1,9,2
219388,1507837426126511,1507837426000,2,42430,1507837522624,4,1,17,1,25,1
219388,1507837426126511,1507837426000,2,336245,1507837552624,4,1,17,1,25,1
170417,1507837431137512,1507837431000,2,348121,1507837547513,4,3,20,1,16,1
170417,1507837431137512,1507837431000,2,348093,1507837577513,4,3,20,1,16,1
141734,1507837432402513,1507837432000,3,233742,1507840754586,4,1,17,1,21,2
141734,1507837432402513,1507837432000,3,159529,1507841436630,4,1,17,1,21,1
141734,1507837432402513,1507837432000,3,20691,1507841466630,4,1,17,1,21,1
290561,1507837435419514,1507837435000,2,355178,1507837511719,4,5,13,1,24,1
290561,1507837435419514,1507837435000,2,355179,1507837541719,4,5,13,1,24,1
290562,1507837435233515,1507837435000,3,49091,1507837932896,4,1,17,1,6,5
290562,1507837435233515,1507837435000,3,96210,1507838030647,4,1,17,1,6,1
290562,1507837435233515,1507837435000,3,194920,1507838060647,4,1,17,1,6,1
4004,1507837438217516,1507837438000,5,96252,1507837615176,4,1,17,1,9,2
4004,1507837438217516,1507837438000,5,119522,1507837849748,4,1,17,1,9,2
4004,1507837438217516,1507837438000,5,233688,1507838052536,4,1,17,1,9,2
4004,1507837438217516,1507837438000,5,111043,1507838183571,4,1,17,1,9,2
4004,1507837438217516,1507837438000,5,183176,1507838213571,4,1,17,1,9,2
86956,1507837441209517,1507837441000,2,307061,1507837441072,4,1,17,1,13,5
86956,1507837441209517,1507837441000,2,341134,1507837471072,4,1,17,1,13,5
84948,1507837442151518,1507837442000,2,327984,1507837442325,4,3,2,1,6,6
84948,1507837442151518,1507837442000,2,156381,1507837472325,4,3,2,1,6,6
32149,1507837445672519,1507837445000,2,111043,1507837507591,4,3,2,1,25,1
32149,1507837445672519,1507837445000,2,50569,1507837537591,4,3,2,1,25,1
34016,1507837445177520,1507837445000,3,348093,1507837489509,4,1,17,1,25,2
34016,1507837445177520,1507837445000,3,159529,1507837904672,4,1,17,1,25,2
34016,1507837445177520,1507837445000,3,9308,1507837934672,4,1,17,1,25,2
149495,1507837445154521,1507837445000,2,277139,1507838450075,4,3,2,1,15,1
149495,1507837445154521,1507837445000,2,156381,1507838480075,4,3,2,1,15,1
9441,1507837453120522,1507837453000,2,235396,1507837859918,4,3,2,1,9,1
9441,1507837453120522,1507837453000,2,124679,1507837889918,4,3,2,1,9,1
145556,1507837456384523,1507837456000,2,183176,1507838044221,4,3,2,1,17,2
145556,1507837456384523,1507837456000,2,111043,1507838074221,4,3,2,1,17,2
229903,1507837457174524,1507837457000,4,285570,1507838084863,4,1,17,1,19,6
229903,1507837457174524,1507837457000,4,233742,1507838744440,4,1,17,1,19,6
229903,1507837457174524,1507837457000,4,208150,1507838856259,4,1,17,1,19,6
229903,1507837457174524,1507837457000,4,96210,1507838886259,4,1,17,1,19,6
290563,1507837459385525,1507837459000,2,158094,1507837459294,4,3,2,1,25,7
290563,1507837459385525,1507837459000,2,157600,1507837489294,4,3,2,1,25,7
11741,1507837459380526,1507837459000,4,156381,1507837487294,4,3,2,1,8,1
11741,1507837459380526,1507837459000,4,211723,1507838029248,4,3,2,1,8,1
11741,1507837459380526,1507837459000,4,336245,1507838198515,4,3,2,1,8,1
11741,1507837459380526,1507837459000,4,158094,1507838228515,4,3,2,1,8,1
289234,1507837463385527,1507837463000,2,20691,1507841273968,4,3,2,1,13,2
289234,1507837463385527,1507837463000,2,288440,1507841303968,4,3,2,1,13,2
290564,1507837466952528,1507837466000,2,111043,1507838109479,4,3,2,1,17,2
290564,1507837466952528,1507837466000,2,183176,1507838139479,4,3,2,1,17,2
3913,1507837466416529,1507837466000,2,183176,1507837870539,4,3,2,1,25,2
3913,1507837466416529,1507837466000,2,348112,1507837900539,4,3,2,1,25,2
290565,1507837467145530,1507837467000,2,234192,1507837513206,4,1,17,1,21,2
290565,1507837467145530,1507837467000,2,236552,1507837543206,4,1,17,1,21,2
265527,1507837478171531,1507837478000,2,119522,1507837581770,4,1,17,1,17,2
265527,1507837478171531,1507837478000,2,336245,1507837611770,4,1,17,1,17,2
106524,1507837480172532,1507837480000,2,119522,1507837567431,4,3,2,1,13,2
106524,1507837480172532,1507837480000,2,96210,1507837597431,4,3,2,1,13,2
17658,1507837481949533,1507837481000,2,348093,1507840292938,4,3,2,1,21,2
17658,1507837481949533,1507837481000,2,233742,1507840322938,4,3,2,1,21,2
290566,1507837481217534,1507837481000,2,137220,1507837533189,4,1,17,1,13,1
290566,1507837481217534,1507837481000,2,156381,1507837563189,4,1,17,1,13,1
142932,1507837484377535,1507837484000,2,348093,1507837528574,4,3,2,1,25,1
142932,1507837484377535,1507837484000,2,159529,1507837558574,4,3,2,1,25,1
15412,1507837486223536,1507837486000,7,74722,1507837522756,4,1,17,1,13,4
15412,1507837486223536,1507837486000,7,75843,1507837716077,4,1,17,1,13,1
15412,1507837486223536,1507837486000,7,211723,1507838163183,4,1,17,1,13,1
15412,1507837486223536,1507837486000,7,161873,1507838819600,4,1,17,1,13,1
15412,1507837486223536,1507837486000,7,205873,1507838875993,4,1,17,1,13,1
15412,1507837486223536,1507837486000,7,96210,1507839091620,4,1,17,1,13,1
15412,1507837486223536,1507837486000,7,50569,1507839121620,4,1,17,1,13,1
10922,1507837486150537,1507837486000,2,214084,1507837915801,4,1,17,1,24,1
10922,1507837486150537,1507837486000,2,353675,1507837945801,4,1,17,1,24,1
17507,1507837487217538,1507837487000,4,96074,1507838786844,4,1,17,1,25,2
17507,1507837487217538,1507837487000,4,336245,1507840484499,4,1,17,1,25,2
17507,1507837487217538,1507837487000,4,183176,1507840803937,4,1,17,1,25,2
17507,1507837487217538,1507837487000,4,111043,1507840833937,4,1,17,1,25,2
53298,1507837490167539,1507837490000,4,233742,1507837913389,4,1,17,1,8,2
53298,1507837490167539,1507837490000,4,233688,1507838279545,4,1,17,1,8,1
53298,1507837490167539,1507837490000,4,215993,1507838384316,4,1,17,1,8,1
53298,1507837490167539,1507837490000,4,308414,1507838414316,4,1,17,1,8,1
196706,1507837493414540,1507837493000,2,234192,1507837575526,4,3,20,1,21,2
196706,1507837493414540,1507837493000,2,237585,1507837605526,4,3,20,1,21,2
18058,1507837494226541,1507837494000,8,348093,1507837547924,4,1,17,1,5,2
18058,1507837494226541,1507837494000,8,159529,1507837823618,4,1,17,1,5,2
18058,1507837494226541,1507837494000,8,327984,1507838009425,4,1,17,1,5,2
18058,1507837494226541,1507837494000,8,233742,1507838082163,4,1,17,1,5,2
18058,1507837494226541,1507837494000,8,20691,1507849248767,4,1,17,1,5,2
18058,1507837494226541,1507837494000,8,31805,1507849417577,4,1,17,1,5,2
18058,1507837494226541,1507837494000,8,336245,1507849551828,4,1,17,1,5,2
18058,1507837494226541,1507837494000,8,96210,1507849581828,4,1,17,1,5,2
18256,1507837495221542,1507837495000,4,214084,1507837843103,4,1,17,1,21,1
18256,1507837495221542,1507837495000,4,336245,1507837895365,4,1,17,1,21,1
18256,1507837495221542,1507837495000,4,205873,1507839049797,4,1,17,1,21,1
18256,1507837495221542,1507837495000,4,160096,1507839079797,4,1,17,1,21,1
38901,1507837499271543,1507837499000,3,156381,1507837543610,4,3,2,1,13,1
38901,1507837499271543,1507837499000,3,336245,1507837699531,4,3,2,1,13,1
38901,1507837499271543,1507837499000,3,158032,1507837729531,4,3,2,1,13,1
288565,1507837499340544,1507837499000,2,119522,1507837519034,4,1,17,1,8,5
288565,1507837499340544,1507837499000,2,207122,1507837549034,4,1,17,1,8,5
12244,1507837503804545,1507837503000,2,159529,1507837817112,4,3,2,1,21,2
12244,1507837503804545,1507837503000,2,183176,1507837847112,4,3,2,1,21,2
111254,1507837503361546,1507837503000,2,327984,1507837699314,4,1,17,1,13,7
111254,1507837503361546,1507837503000,2,336245,1507837729314,4,1,17,1,13,7
29699,1507837506119547,1507837506000,3,283505,1507837506752,4,3,20,1,2,2
29699,1507837506119547,1507837506000,3,159529,1507837759405,4,3,20,1,2,2
29699,1507837506119547,1507837506000,3,119522,1507837789405,4,3,20,1,2,2
115042,1507837506115548,1507837506000,2,283192,1507837576872,4,3,2,1,25,5
115042,1507837506115548,1507837506000,2,30957,1507837606872,4,3,2,1,25,5
9507,1507837511591549,1507837511000,2,159529,1507837699011,4,3,20,1,25,2
9507,1507837511591549,1507837511000,2,327984,1507837729011,4,3,20,1,25,2
290567,1507837511172550,1507837511000,2,348109,1507837573134,4,3,2,1,4,2
290567,1507837511172550,1507837511000,2,183176,1507837603134,4,3,2,1,4,2
41852,1507837511227551,1507837511000,3,183176,1507837669331,4,3,20,6,28,2
41852,1507837511227551,1507837511000,3,96210,1507837753421,4,3,20,6,28,1
41852,1507837511227551,1507837511000,3,96103,1507837783421,4,3,20,6,28,1
103881,1507837511416552,1507837511000,4,284793,1507837584022,4,3,2,9,28,1
103881,1507837511416552,1507837511000,4,50569,1507838906288,4,3,2,9,28,1
103881,1507837511416552,1507837511000,4,162572,1507839187904,4,3,2,9,28,1
103881,1507837511416552,1507837511000,4,336245,1507839217904,4,3,2,9,28,1
290568,1507837515302553,1507837515000,2,348093,1507838187803,4,3,2,1,13,2
290568,1507837515302553,1507837515000,2,233688,1507838217803,4,3,2,1,13,2
137611,1507837522312554,1507837522000,2,233742,1507837681411,4,1,17,1,21,2
137611,1507837522312554,1507837522000,2,119522,1507837711411,4,1,17,1,21,2
32591,1507837525122555,1507837525000,3,215993,1507837762849,4,3,2,1,8,1
32591,1507837525122555,1507837525000,3,352265,1507838165113,4,3,2,1,8,1
32591,1507837525122555,1507837525000,3,293348,1507838195113,4,3,2,1,8,1
290569,1507837526228556,1507837526000,2,336245,1507844138285,4,1,17,1,21,2
290569,1507837526228556,1507837526000,2,20691,1507844168285,4,1,17,1,21,2
200570,1507837528293557,1507837528000,5,348093,1507837584041,4,1,17,1,2,2
200570,1507837528293557,1507837528000,5,119522,1507837819243,4,1,17,1,2,2
200570,1507837528293557,1507837528000,5,233688,1507842084977,4,1,17,1,2,2
200570,1507837528293557,1507837528000,5,111043,1507842102098,4,1,17,1,2,2
200570,1507837528293557,1507837528000,5,288440,1507842132098,4,1,17,1,2,2
272791,1507837528162558,1507837528000,2,159529,1507837635994,4,3,20,1,13,2
272791,1507837528162558,1507837528000,2,233742,1507837665994,4,3,20,1,13,2
9592,1507837528291559,1507837528000,4,271496,1507838849379,4,1,17,1,20,1
9592,1507837528291559,1507837528000,4,273208,1507838852954,4,1,17,1,20,1
9592,1507837528291559,1507837528000,4,271517,1507838856016,4,1,17,1,20,1
9592,1507837528291559,1507837528000,4,272794,1507838886016,4,1,17,1,20,1
90846,1507837529239560,1507837529000,2,42430,1507837781610,4,1,17,1,25,1
90846,1507837529239560,1507837529000,2,285744,1507837811610,4,1,17,1,25,1
19208,1507837531210561,1507837531000,2,336245,1507853561308,4,1,17,1,25,2
19208,1507837531210561,1507837531000,2,288440,1507853591308,4,1,17,1,25,2
1069,1507837532188562,1507837532000,5,225705,1507841328068,4,3,2,10,28,1
1069,1507837532188562,1507837532000,5,224220,1507841439939,4,3,2,10,28,1
1069,1507837532188562,1507837532000,5,219938,1507841564301,4,3,2,10,28,1
1069,1507837532188562,1507837532000,5,220092,1507841644714,4,3,2,10,28,1
1069,1507837532188562,1507837532000,5,217597,1507841674714,4,3,2,10,28,1
14916,1507837534154563,1507837534000,3,348093,1507837570476,2,4,2,1,25,7
14916,1507837534154563,1507837534000,3,96210,1507837997451,2,4,2,1,25,1
14916,1507837534154563,1507837534000,3,348112,1507838027451,2,4,2,1,25,1
290570,1507837536447564,1507837536000,3,159529,1507838028369,4,3,2,1,21,2
290570,1507837536447564,1507837536000,3,9308,1507838284857,4,3,2,1,21,1
290570,1507837536447564,1507837536000,3,9649,1507838314857,4,3,2,1,21,1
113447,1507837541282565,1507837541000,2,183176,1507837572239,4,3,20,1,12,1
113447,1507837541282565,1507837541000,2,157973,1507837602239,4,3,20,1,12,1
11104,1507837542350566,1507837542000,7,183176,1507837590584,4,3,2,1,25,1
11104,1507837542350566,1507837542000,7,336245,1507837633166,4,3,2,1,25,1
11104,1507837542350566,1507837542000,7,9308,1507837677681,4,3,2,1,25,1
11104,1507837542350566,1507837542000,7,233688,1507837787819,4,3,2,1,25,1
11104,1507837542350566,1507837542000,7,224702,1507837849541,4,3,2,1,25,1
11104,1507837542350566,1507837542000,7,96210,1507837901297,4,3,2,1,25,1
11104,1507837542350566,1507837542000,7,283505,1507837931297,4,3,2,1,25,1
290571,1507837545329567,1507837545000,3,233742,1507837629983,4,1,17,1,25,2
290571,1507837545329567,1507837545000,3,119522,1507837637277,4,1,17,1,25,2
290571,1507837545329567,1507837545000,3,336245,1507837667277,4,1,17,1,25,2
232870,1507837548268568,1507837548000,2,242816,1507838174738,4,3,2,1,5,1
232870,1507837548268568,1507837548000,2,156381,1507838204738,4,3,2,1,5,1
14093,1507837554271569,1507837554000,2,233742,1507837606730,4,3,2,1,21,7
14093,1507837554271569,1507837554000,2,96210,1507837636730,4,3,2,1,21,7
21153,1507837556417570,1507837556000,5,336245,1507838516950,4,1,17,1,6,2
21153,1507837556417570,1507837556000,5,205873,1507838667588,4,1,17,1,6,1
21153,1507837556417570,1507837556000,5,285533,1507839980895,4,1,17,1,6,1
21153,1507837556417570,1507837556000,5,50569,1507840113562,4,1,17,1,6,1
21153,1507837556417570,1507837556000,5,288440,1507840143562,4,1,17,1,6,1
147673,1507837558416571,1507837558000,4,348109,1507837669873,4,1,17,1,13,2
147673,1507837558416571,1507837558000,4,183176,1507837848452,4,1,17,1,13,2
147673,1507837558416571,1507837558000,4,233742,1507838099206,4,1,17,1,13,2
147673,1507837558416571,1507837558000,4,348093,1507838129206,4,1,17,1,13,2
140627,1507837558129572,1507837558000,2,348093,1507837574458,4,1,17,1,4,1
140627,1507837558129572,1507837558000,2,157742,1507837604458,4,1,17,1,4,1
12940,1507837565156573,1507837565000,2,254567,1507837679001,4,3,2,1,19,1
12940,1507837565156573,1507837565000,2,156381,1507837709001,4,3,2,1,19,1
268785,1507837571384574,1507837571000,2,84457,1507837853706,4,3,2,1,7,1
268785,1507837571384574,1507837571000,2,348112,1507837883706,4,3,2,1,7,1
131495,1507837572564575,1507837572000,3,96074,1507838238229,4,3,2,1,7,2
131495,1507837572564575,1507837572000,3,233742,1507838387741,4,3,2,1,7,2
131495,1507837572564575,1507837572000,3,233688,1507838417741,4,3,2,1,7,2
28221,1507837572250576,1507837572000,3,348093,1507837595740,4,1,12,1,25,2
28221,1507837572250576,1507837572000,3,183176,1507840245937,4,1,12,1,25,2
28221,1507837572250576,1507837572000,3,215993,1507840275937,4,1,12,1,25,2
290572,1507837578345577,1507837578000,2,233688,1507837897107,4,3,2,1,11,7
290572,1507837578345577,1507837578000,2,183176,1507837927107,4,3,2,1,11,7
221762,1507837578413578,1507837578000,2,236140,1507837952710,4,3,2,11,28,1
221762,1507837578413578,1507837578000,2,50569,1507837982710,4,3,2,11,28,1
163311,1507837579351579,1507837579000,2,273596,1507837580646,4,1,17,1,16,5
163311,1507837579351579,1507837579000,2,237769,1507837610646,4,1,17,1,16,5
97112,1507837581807580,1507837581000,3,74722,1507837627160,4,3,2,1,25,4
97112,1507837581807580,1507837581000,3,348114,1507837627853,4,3,2,1,25,1
97112,1507837581807580,1507837581000,3,96210,1507837657853,4,3,2,1,25,1
148447,1507837588406581,1507837588000,2,336245,1507838167102,4,4,20,1,8,1
148447,1507837588406581,1507837588000,2,233742,1507838197102,4,4,20,1,8,1
5252,1507837588342582,1507837588000,2,96252,1507837626647,4,1,17,1,25,2
5252,1507837588342582,1507837588000,2,119522,1507837656647,4,1,17,1,25,2
42918,1507837589737583,1507837589000,4,42430,1507837734565,4,1,17,1,25,1
42918,1507837589737583,1507837589000,4,336245,1507837782322,4,1,17,1,25,1
42918,1507837589737583,1507837589000,4,9308,1507837848727,4,1,17,1,25,1
42918,1507837589737583,1507837589000,4,285130,1507837878727,4,1,17,1,25,1
290573,1507837595351584,1507837595000,2,288440,1507845800529,4,1,17,1,5,2
290573,1507837595351584,1507837595000,2,336245,1507845830529,4,1,17,1,5,2
244308,1507837595239585,1507837595000,2,234192,1507837643652,4,1,17,1,21,2
244308,1507837595239585,1507837595000,2,236552,1507837673652,4,1,17,1,21,2
37160,1507837595311586,1507837595000,3,348093,1507837627465,4,3,20,1,12,2
37160,1507837595311586,1507837595000,3,327984,1507837809688,4,3,20,1,12,2
37160,1507837595311586,1507837595000,3,233688,1507837839688,4,3,20,1,12,2
290574,1507837600124587,1507837600000,3,156381,1507837608339,4,1,17,1,6,1
290574,1507837600124587,1507837600000,3,336245,1507837724686,4,1,17,1,6,1
290574,1507837600124587,1507837600000,3,48485,1507837754686,4,1,17,1,6,1
42290,1507837602265588,1507837602000,2,184184,1507837602284,4,3,20,11,28,1
42290,1507837602265588,1507837602000,2,233688,1507837632284,4,3,20,11,28,1
290575,1507837605115589,1507837605000,2,336245,1507838055780,4,1,17,1,25,5
290575,1507837605115589,1507837605000,2,333150,1507838085780,4,1,17,1,25,5
280957,1507837606646590,1507837606000,2,208150,1507837714928,4,3,20,1,21,1
280957,1507837606646590,1507837606000,2,208562,1507837744928,4,3,20,1,21,1
211552,1507837607722591,1507837607000,2,96252,1507837696665,4,3,2,1,11,2
211552,1507837607722591,1507837607000,2,96074,1507837726665,4,3,2,1,11,2
83706,1507837610743592,1507837610000,4,96074,1507839406386,4,1,17,1,25,2
83706,1507837610743592,1507837610000,4,336245,1507839432371,4,1,17,1,25,1
83706,1507837610743592,1507837610000,4,9308,1507839453406,4,1,17,1,25,1
83706,1507837610743592,1507837610000,4,20691,1507839483406,4,1,17,1,25,1
24489,1507837611313593,1507837611000,3,159529,1507837750307,4,1,12,1,20,2
24489,1507837611313593,1507837611000,3,9308,1507837874324,4,1,12,1,20,1
24489,1507837611313593,1507837611000,3,233742,1507837904324,4,1,12,1,20,1
72097,1507837617337594,1507837617000,2,96252,1507837864032,4,3,20,1,8,1
72097,1507837617337594,1507837617000,2,208150,1507837894032,4,3,20,1,8,1
177231,1507837621296595,1507837621000,2,96074,1507838043564,4,1,17,1,25,2
177231,1507837621296595,1507837621000,2,20691,1507838073564,4,1,17,1,25,2
290576,1507837623126596,1507837623000,3,348093,1507837744735,4,4,20,1,25,2
290576,1507837623126596,1507837623000,3,159529,1507838005495,4,4,20,1,25,2
290576,1507837623126596,1507837623000,3,96210,1507838035495,4,4,20,1,25,2
15691,1507837624255597,1507837624000,2,288440,1507843640123,4,1,17,1,25,2
15691,1507837624255597,1507837624000,2,31805,1507843670123,4,1,17,1,25,2
10900,1507837626408598,1507837626000,3,156381,1507837652052,4,1,17,1,6,1
10900,1507837626408598,1507837626000,3,348112,1507837685956,4,1,17,1,6,1
10900,1507837626408598,1507837626000,3,284793,1507837715956,4,1,17,1,6,1
290577,1507837627224599,1507837627000,4,159529,1507837686040,4,3,20,1,14,2
290577,1507837627224599,1507837627000,4,111043,1507837929172,4,3,20,1,14,2
290577,1507837627224599,1507837627000,4,177657,1507838093815,4,3,20,1,14,1
290577,1507837627224599,1507837627000,4,9308,1507838123815,4,3,20,1,14,1
12389,1507837631319600,1507837631000,2,233742,1507841493497,4,1,17,1,21,2
12389,1507837631319600,1507837631000,2,96074,1507841523497,4,1,17,1,21,2
95707,1507837632159601,1507837632000,2,159529,1507837810514,4,3,20,1,21,2
95707,1507837632159601,1507837632000,2,233742,1507837840514,4,3,20,1,21,2
174701,1507837636346602,1507837636000,2,96074,1507839721232,4,1,17,1,25,2
174701,1507837636346602,1507837636000,2,348093,1507839751232,4,1,17,1,25,2
288756,1507837639234603,1507837639000,3,159529,1507837664812,4,3,2,1,16,2
288756,1507837639234603,1507837639000,3,336245,1507838269231,4,3,2,1,16,2
288756,1507837639234603,1507837639000,3,9308,1507838299231,4,3,2,1,16,2
116667,1507837643225604,1507837643000,2,111043,1507838211209,4,3,2,1,12,2
116667,1507837643225604,1507837643000,2,215993,1507838241209,4,3,2,1,12,2
237944,1507837644328605,1507837644000,2,149706,1507837666834,4,3,2,1,20,4
237944,1507837644328605,1507837644000,2,50569,1507837696834,4,3,2,1,20,4
290578,1507837646207606,1507837646000,2,73413,1507837743187,4,3,2,1,25,1
290578,1507837646207606,1507837646000,2,73500,1507837773187,4,3,2,1,25,1
89430,1507837648969607,1507837648000,2,233742,1507838321253,4,4,20,1,13,2
89430,1507837648969607,1507837648000,2,183176,1507838351253,4,4,20,1,13,2
279791,1507837650394608,1507837650000,3,119522,1507837839705,4,3,2,1,14,2
279791,1507837650394608,1507837650000,3,348112,1507837858585,4,3,2,1,14,1
279791,1507837650394608,1507837650000,3,47854,1507837888585,4,3,2,1,14,1
213332,1507837654914609,1507837654000,2,336245,1507838470380,4,1,17,1,25,2
213332,1507837654914609,1507837654000,2,288440,1507838500380,4,1,17,1,25,2
167032,1507837655401610,1507837655000,2,233742,1507837957396,4,3,2,1,25,2
167032,1507837655401610,1507837655000,2,117529,1507837987396,4,3,2,1,25,2
11649,1507837656390611,1507837656000,4,348093,1507840900347,4,4,20,1,25,1
11649,1507837656390611,1507837656000,4,348109,1507841601317,4,4,20,1,25,1
11649,1507837656390611,1507837656000,4,312457,1507841847230,4,4,20,1,25,1
11649,1507837656390611,1507837656000,4,113970,1507841877230,4,4,20,1,25,1
290579,1507837656111612,1507837656000,2,111043,1507839986996,4,3,2,1,25,7
290579,1507837656111612,1507837656000,2,96074,1507840016996,4,3,2,1,25,7
2609,1507837657119613,1507837657000,2,156381,1507837763619,4,1,17,1,25,1
2609,1507837657119613,1507837657000,2,285533,1507837793619,4,1,17,1,25,1
100520,1507837659219614,1507837659000,4,211415,1507837693304,4,1,17,1,20,1
100520,1507837659219614,1507837659000,4,214658,1507837693816,4,1,17,1,20,1
100520,1507837659219614,1507837659000,4,214296,1507837699575,4,1,17,1,20,1
100520,1507837659219614,1507837659000,4,211732,1507837729575,4,1,17,1,20,1
170096,1507837660132615,1507837660000,5,159529,1507838069663,4,3,20,1,8,2
170096,1507837660132615,1507837660000,5,233742,1507838383485,4,3,20,1,8,1
170096,1507837660132615,1507837660000,5,96252,1507838452432,4,3,20,1,8,2
170096,1507837660132615,1507837660000,5,183176,1507839201603,4,3,20,1,8,2
170096,1507837660132615,1507837660000,5,111043,1507839231603,4,3,20,1,8,2
247395,1507837661400616,1507837661000,2,159529,1507837981567,4,3,2,1,7,2
247395,1507837661400616,1507837661000,2,233742,1507838011567,4,3,2,1,7,2
290580,1507837662391617,1507837662000,4,119522,1507837991298,4,1,17,1,8,2
290580,1507837662391617,1507837662000,4,233688,1507838274828,4,1,17,1,8,2
290580,1507837662391617,1507837662000,4,208150,1507838378135,4,1,17,1,8,2
290580,1507837662391617,1507837662000,4,183176,1507838408135,4,1,17,1,8,2
10300,1507837664109618,1507837664000,13,119522,1507837709495,4,3,2,1,20,2
10300,1507837664109618,1507837664000,13,270547,1507837857071,4,3,2,1,20,7
10300,1507837664109618,1507837664000,13,271410,1507837987034,4,3,2,1,20,7
10300,1507837664109618,1507837664000,13,272172,1507838439390,4,3,2,1,20,1
10300,1507837664109618,1507837664000,13,270885,1507838485126,4,3,2,1,20,1
10300,1507837664109618,1507837664000,13,293348,1507838597963,4,3,2,1,20,1
10300,1507837664109618,1507837664000,13,264469,1507838779066,4,3,2,1,20,1
10300,1507837664109618,1507837664000,13,3438,1507838852533,4,3,2,1,20,1
10300,1507837664109618,1507837664000,13,14200,1507838918555,4,3,2,1,20,1
10300,1507837664109618,1507837664000,13,96074,1507839043353,4,3,2,1,20,2
10300,1507837664109618,1507837664000,13,96586,1507839264206,4,3,2,1,20,1
10300,1507837664109618,1507837664000,13,15653,1507839720447,4,3,2,1,20,1
10300,1507837664109618,1507837664000,13,96127,1507839750447,4,3,2,1,20,1
64246,1507837668249619,1507837668000,4,183176,1507837835873,4,3,20,1,13,2
64246,1507837668249619,1507837668000,4,336245,1507837944035,4,3,20,1,13,1
64246,1507837668249619,1507837668000,4,96210,1507838138826,4,3,20,1,13,1
64246,1507837668249619,1507837668000,4,50569,1507838168826,4,3,20,1,13,1
90002,1507837668394620,1507837668000,3,348093,1507837699848,4,1,17,1,21,2
90002,1507837668394620,1507837668000,3,159529,1507837734555,4,1,17,1,21,2
90002,1507837668394620,1507837668000,3,170490,1507837764555,4,1,17,1,21,2
93294,1507837669404621,1507837669000,12,336245,1507838284111,4,1,17,1,13,2
93294,1507837669404621,1507837669000,12,145692,1507838424063,4,1,17,1,13,1
93294,1507837669404621,1507837669000,12,140451,1507838586600,4,1,17,1,13,1
93294,1507837669404621,1507837669000,12,136202,1507838653944,4,1,17,1,13,1
93294,1507837669404621,1507837669000,12,288440,1507843174834,4,1,17,1,13,2
93294,1507837669404621,1507837669000,12,233742,1507843305029,4,1,17,1,13,2
93294,1507837669404621,1507837669000,12,96074,1507843598487,4,1,17,1,13,2
93294,1507837669404621,1507837669000,12,59716,1507844982958,4,1,17,1,13,1
93294,1507837669404621,1507837669000,12,59681,1507845163225,4,1,17,1,13,1
93294,1507837669404621,1507837669000,12,84457,1507845769258,4,1,17,1,13,1
93294,1507837669404621,1507837669000,12,16893,1507845901772,4,1,17,1,13,1
93294,1507837669404621,1507837669000,12,15637,1507845931772,4,1,17,1,13,1
82240,1507837673317622,1507837673000,2,285744,1507837732408,4,1,17,1,25,1
82240,1507837673317622,1507837673000,2,336245,1507837762408,4,1,17,1,25,1
85289,1507837675312623,1507837675000,2,348112,1507837805510,4,3,20,1,13,1
85289,1507837675312623,1507837675000,2,233688,1507837835510,4,3,20,1,13,1
157272,1507837675340624,1507837675000,2,336245,1507837675538,4,1,17,1,25,5
157272,1507837675340624,1507837675000,2,50569,1507837705538,4,1,17,1,25,5
290581,1507837676526625,1507837676000,2,183176,1507837918754,4,1,13,1,21,2
290581,1507837676526625,1507837676000,2,336245,1507837948754,4,1,13,1,21,2
290582,1507837678264626,1507837678000,2,233688,1507838725672,4,3,2,1,21,2
290582,1507837678264626,1507837678000,2,224702,1507838755672,4,3,2,1,21,2
55110,1507837679271627,1507837679000,3,348093,1507837688831,4,3,2,1,10,7
55110,1507837679271627,1507837679000,3,348089,1507837806878,4,3,2,1,10,1
55110,1507837679271627,1507837679000,3,348109,1507837836878,4,3,2,1,10,1
290583,1507837679371628,1507837679000,2,100706,1507837679967,4,1,12,1,16,6
290583,1507837679371628,1507837679000,2,87686,1507837709967,4,1,12,1,16,6
6289,1507837681100629,1507837681000,2,156381,1507837691615,4,3,20,1,21,1
6289,1507837681100629,1507837681000,2,208150,1507837721615,4,3,20,1,21,1
1987,1507837683360630,1507837683000,3,156381,1507838686941,4,3,20,6,28,1
1987,1507837683360630,1507837683000,3,205873,1507838990272,4,3,20,6,28,1
1987,1507837683360630,1507837683000,3,31187,1507839020272,4,3,20,6,28,1
47614,1507837684993631,1507837684000,2,183176,1507837756379,2,3,20,1,21,2
47614,1507837684993631,1507837684000,2,96210,1507837786379,2,3,20,1,21,2
26655,1507837687288632,1507837687000,2,297959,1507837766850,4,1,17,1,24,1
26655,1507837687288632,1507837687000,2,299903,1507837796850,4,1,17,1,24,1
235740,1507837690117633,1507837690000,5,183176,1507837837406,4,3,2,1,25,2
235740,1507837690117633,1507837690000,5,332416,1507837915142,4,3,2,1,25,1
235740,1507837690117633,1507837690000,5,332056,1507838038326,4,3,2,1,25,1
235740,1507837690117633,1507837690000,5,331508,1507838169686,4,3,2,1,25,1
235740,1507837690117633,1507837690000,5,233688,1507838199686,4,3,2,1,25,1
166882,1507837690419634,1507837690000,2,183176,1507837804456,4,1,17,1,25,1
166882,1507837690419634,1507837690000,2,96210,1507837834456,4,1,17,1,25,1
31214,1507837693301635,1507837693000,3,159529,1507837740725,4,3,2,1,8,2
31214,1507837693301635,1507837693000,3,74722,1507837868797,4,3,2,1,8,4
31214,1507837693301635,1507837693000,3,215993,1507837898797,4,3,2,1,8,4
110964,1507837693242636,1507837693000,3,159529,1507838826008,4,1,17,1,21,2
110964,1507837693242636,1507837693000,3,234192,1507838940061,4,1,17,1,21,2
110964,1507837693242636,1507837693000,3,119522,1507838970061,4,1,17,1,21,2
105009,1507837694171637,1507837694000,2,348093,1507837747860,4,3,20,1,25,2
105009,1507837694171637,1507837694000,2,159529,1507837777860,4,3,20,1,25,2
9599,1507837695258638,1507837695000,2,96074,1507838546985,4,3,20,1,7,2
9599,1507837695258638,1507837695000,2,84892,1507838576985,4,3,20,1,7,2
157368,1507837696398639,1507837696000,3,233688,1507841964979,4,1,17,1,25,2
157368,1507837696398639,1507837696000,3,348109,1507841967145,4,1,17,1,25,2
157368,1507837696398639,1507837696000,3,336245,1507841997145,4,1,17,1,25,2
290584,1507837697146640,1507837697000,3,348123,1507838642764,4,3,2,1,13,1
290584,1507837697146640,1507837697000,3,348093,1507839089090,4,3,2,1,13,1
290584,1507837697146640,1507837697000,3,348121,1507839119090,4,3,2,1,13,1
290585,1507837699333641,1507837699000,3,183176,1507838240173,4,3,2,1,25,2
290585,1507837699333641,1507837699000,3,336245,1507838262333,4,3,2,1,25,1
290585,1507837699333641,1507837699000,3,96210,1507838292333,4,3,2,1,25,1
24839,1507837700422642,1507837700000,4,304922,1507837997118,4,4,2,1,26,1
24839,1507837700422642,1507837700000,4,304040,1507838021453,4,4,2,1,26,1
24839,1507837700422642,1507837700000,4,96074,1507840101263,4,4,2,1,26,2
24839,1507837700422642,1507837700000,4,215993,1507840131263,4,4,2,1,26,2
197378,1507837701436643,1507837701000,2,348093,1507839154305,4,4,20,1,25,1
197378,1507837701436643,1507837701000,2,293320,1507839184305,4,4,20,1,25,1
12821,1507837704245644,1507837704000,6,159529,1507837758629,4,1,12,10,28,7
12821,1507837704245644,1507837704000,6,233688,1507837839575,4,1,12,10,28,7
12821,1507837704245644,1507837704000,6,111043,1507837845142,4,1,12,10,28,2
12821,1507837704245644,1507837704000,6,119522,1507837883537,4,1,12,10,28,7
12821,1507837704245644,1507837704000,6,96210,1507837962409,4,1,12,10,28,7
12821,1507837704245644,1507837704000,6,159592,1507837992409,4,1,12,10,28,7
290586,1507837707287645,1507837707000,2,282672,1507837760142,4,1,17,1,18,1
290586,1507837707287645,1507837707000,2,70092,1507837790142,4,1,17,1,18,1
172891,1507837708125646,1507837708000,2,348093,1507837743720,4,3,2,1,25,2
172891,1507837708125646,1507837708000,2,159529,1507837773720,4,3,2,1,25,2
100099,1507837708347647,1507837708000,5,161873,1507837819595,4,1,17,1,13,1
100099,1507837708347647,1507837708000,5,166072,1507838759887,4,1,17,1,13,5
100099,1507837708347647,1507837708000,5,336245,1507838808138,4,1,17,1,13,1
100099,1507837708347647,1507837708000,5,156381,1507840376877,4,1,17,1,13,1
100099,1507837708347647,1507837708000,5,160489,1507840406877,4,1,17,1,13,1
113395,1507837709230648,1507837709000,2,348093,1507837723341,4,3,2,1,10,2
113395,1507837709230648,1507837709000,2,348089,1507837753341,4,3,2,1,10,2
2532,1507837710246649,1507837710000,2,234192,1507837881204,4,1,17,1,13,2
2532,1507837710246649,1507837710000,2,348093,1507837911204,4,1,17,1,13,2
20878,1507837713109650,1507837713000,3,283192,1507837832516,4,1,17,1,8,1
20878,1507837713109650,1507837713000,3,162276,1507838069817,4,1,17,1,8,1
20878,1507837713109650,1507837713000,3,59514,1507838099817,4,1,17,1,8,1
290587,1507837721184651,1507837721000,2,292424,1507837763180,4,3,2,1,25,1
290587,1507837721184651,1507837721000,2,276783,1507837793180,4,3,2,1,25,1
221776,1507837724145652,1507837724000,2,348093,1507837761090,4,3,2,1,21,2
221776,1507837724145652,1507837724000,2,233688,1507837791090,4,3,2,1,21,2
220344,1507837725875653,1507837725000,2,96074,1507837789804,4,1,17,1,24,2
220344,1507837725875653,1507837725000,2,159529,1507837819804,4,1,17,1,24,2
125149,1507837726193654,1507837726000,3,233742,1507837804643,4,1,17,1,22,2
125149,1507837726193654,1507837726000,3,183176,1507839244601,4,1,17,1,22,2
125149,1507837726193654,1507837726000,3,111043,1507839274601,4,1,17,1,22,2
18804,1507837726184655,1507837726000,3,156381,1507837751264,4,1,17,1,8,1
18804,1507837726184655,1507837726000,3,336245,1507838044963,4,1,17,1,8,1
18804,1507837726184655,1507837726000,3,48485,1507838074963,4,1,17,1,8,1
90560,1507837729112656,1507837729000,2,96074,1507837770911,4,1,17,1,25,2
90560,1507837729112656,1507837729000,2,233688,1507837800911,4,1,17,1,25,2
225163,1507837731412657,1507837731000,2,183176,1507837927977,4,3,2,1,25,2
225163,1507837731412657,1507837731000,2,336245,1507837957977,4,3,2,1,25,2
290588,1507837732661658,1507837732000,2,285533,1507837742068,4,3,2,1,13,6
290588,1507837732661658,1507837732000,2,215993,1507837772068,4,3,2,1,13,6
290589,1507837733211659,1507837733000,3,233742,1507837845543,4,1,17,1,21,2
290589,1507837733211659,1507837733000,3,234390,1507838107718,4,1,17,1,21,1
290589,1507837733211659,1507837733000,3,234192,1507838137718,4,1,17,1,21,1
7878,1507837734417660,1507837734000,7,235396,1507839124193,4,1,17,1,7,1
7878,1507837734417660,1507837734000,7,336245,1507839176479,4,1,17,1,7,1
7878,1507837734417660,1507837734000,7,96210,1507839230705,4,1,17,1,7,1
7878,1507837734417660,1507837734000,7,239906,1507839510242,4,1,17,1,7,1
7878,1507837734417660,1507837734000,7,215993,1507839588777,4,1,17,1,7,1
7878,1507837734417660,1507837734000,7,160096,1507839897747,4,1,17,1,7,1
7878,1507837734417660,1507837734000,7,208150,1507839927747,4,1,17,1,7,1
105715,1507837735108661,1507837735000,2,111043,1507838688349,4,3,20,1,6,7
105715,1507837735108661,1507837735000,2,160096,1507838718349,4,3,20,1,6,7
290590,1507837735382662,1507837735000,2,183176,1507837946618,4,1,17,1,24,2
290590,1507837735382662,1507837735000,2,96210,1507837976618,4,1,17,1,24,2
22947,1507837735190663,1507837735000,3,236512,1507837849696,4,1,17,1,21,1
22947,1507837735190663,1507837735000,3,283192,1507837880137,4,1,17,1,21,1
22947,1507837735190663,1507837735000,3,159529,1507837910137,4,1,17,1,21,1
57807,1507837735219664,1507837735000,2,183176,1507837878381,4,1,17,1,8,2
57807,1507837735219664,1507837735000,2,276783,1507837908381,4,1,17,1,8,2
290591,1507837735185665,1507837735000,2,327984,1507837874580,4,1,17,1,6,2
290591,1507837735185665,1507837735000,2,336245,1507837904580,4,1,17,1,6,2
290592,1507837740417666,1507837740000,2,183176,1507837900602,4,1,17,1,8,2
290592,1507837740417666,1507837740000,2,208150,1507837930602,4,1,17,1,8,2
181849,1507837744325667,1507837744000,3,348109,1507837754843,4,1,17,1,25,1
181849,1507837744325667,1507837744000,3,42430,1507837785683,4,1,17,1,25,1
181849,1507837744325667,1507837744000,3,352265,1507837815683,4,1,17,1,25,1
290593,1507837746106668,1507837746000,3,50405,1507837746693,4,3,2,1,13,5
290593,1507837746106668,1507837746000,3,336245,1507837849983,4,3,2,1,13,1
290593,1507837746106668,1507837746000,3,156381,1507837879983,4,3,2,1,13,1
263659,1507837747325669,1507837747000,2,221720,1507837875222,4,3,2,1,16,5
263659,1507837747325669,1507837747000,2,224196,1507837905222,4,3,2,1,16,5
233543,1507837748374670,1507837748000,2,156381,1507837789862,2,3,20,1,20,1
233543,1507837748374670,1507837748000,2,42430,1507837819862,2,3,20,1,20,1
15757,1507837751346671,1507837751000,4,233742,1507838507126,4,1,17,1,25,2
15757,1507837751346671,1507837751000,4,96210,1507838833577,4,1,17,1,25,1
15757,1507837751346671,1507837751000,4,285130,1507839098087,4,1,17,1,25,1
15757,1507837751346671,1507837751000,4,96711,1507839128087,4,1,17,1,25,1
271940,1507837751130672,1507837751000,4,336245,1507838864531,4,1,17,1,25,2
271940,1507837751130672,1507837751000,4,233742,1507838913759,4,1,17,1,25,1
271940,1507837751130672,1507837751000,4,205873,1507844616337,4,1,17,1,25,2
271940,1507837751130672,1507837751000,4,96074,1507844646337,4,1,17,1,25,2
104728,1507837752137673,1507837752000,2,233688,1507837763032,4,3,2,1,25,7
104728,1507837752137673,1507837752000,2,348112,1507837793032,4,3,2,1,25,7
290594,1507837754273674,1507837754000,2,348093,1507837977514,4,3,2,1,25,2
290594,1507837754273674,1507837754000,2,336245,1507838007514,4,3,2,1,25,2
290595,1507837754238675,1507837754000,2,159529,1507837828519,4,3,2,1,21,2
290595,1507837754238675,1507837754000,2,160096,1507837858519,4,3,2,1,21,2
22916,1507837757263676,1507837757000,2,119522,1507837922226,4,1,17,1,21,2
22916,1507837757263676,1507837757000,2,284403,1507837952226,4,1,17,1,21,2
191361,1507837758388677,1507837758000,2,159529,1507837779625,4,1,17,1,26,2
191361,1507837758388677,1507837758000,2,348093,1507837809625,4,1,17,1,26,2
221800,1507837758350678,1507837758000,2,159529,1507837960234,4,3,2,1,13,2
221800,1507837758350678,1507837758000,2,96074,1507837990234,4,3,2,1,13,2
152529,1507837758330679,1507837758000,4,348093,1507837952083,4,1,17,1,21,2
152529,1507837758330679,1507837758000,4,119522,1507838309993,4,1,17,1,21,2
152529,1507837758330679,1507837758000,4,9308,1507838402050,4,1,17,1,21,1
152529,1507837758330679,1507837758000,4,215993,1507838432050,4,1,17,1,21,1
7811,1507837759409680,1507837759000,4,348093,1507837818032,4,4,2,1,21,1
7811,1507837759409680,1507837759000,4,156381,1507837822959,4,4,2,1,21,1
7811,1507837759409680,1507837759000,4,336245,1507839007582,4,4,2,1,21,1
7811,1507837759409680,1507837759000,4,9308,1507839037582,4,4,2,1,21,1
24271,1507837759309681,1507837759000,2,159529,1507838047147,4,1,17,1,25,2
24271,1507837759309681,1507837759000,2,208150,1507838077147,4,1,17,1,25,2
3462,1507837760378682,1507837760000,3,348093,1507837860117,4,1,17,1,24,2
3462,1507837760378682,1507837760000,3,119522,1507838696996,4,1,17,1,24,2
3462,1507837760378682,1507837760000,3,159529,1507838726996,4,1,17,1,24,2
290596,1507837761296683,1507837761000,2,348093,1507837793316,4,1,17,1,17,2
290596,1507837761296683,1507837761000,2,159529,1507837823316,4,1,17,1,17,2
102861,1507837763418684,1507837763000,2,348093,1507837827816,4,3,2,1,21,2
102861,1507837763418684,1507837763000,2,183176,1507837857816,4,3,2,1,21,2
54487,1507837763363685,1507837763000,4,149706,1507838023526,4,3,2,1,4,1
54487,1507837763363685,1507837763000,4,327984,1507838731877,4,3,2,1,4,1
54487,1507837763363685,1507837763000,4,233688,1507838883157,4,3,2,1,4,1
54487,1507837763363685,1507837763000,4,160096,1507838913157,4,3,2,1,4,1
11385,1507837767341686,1507837767000,2,211393,1507839363215,4,1,17,1,25,4
11385,1507837767341686,1507837767000,2,337721,1507839393215,4,1,17,1,25,4
107066,1507837770539687,1507837770000,2,124679,1507837783529,4,3,2,1,13,5
107066,1507837770539687,1507837770000,2,96210,1507837813529,4,3,2,1,13,5
290597,1507837770108688,1507837770000,2,348109,1507838034185,4,3,2,1,25,2
290597,1507837770108688,1507837770000,2,183176,1507838064185,4,3,2,1,25,2
17770,1507837771152689,1507837771000,4,119522,1507837860712,4,3,2,1,4,2
17770,1507837771152689,1507837771000,4,14707,1507840182965,4,3,2,1,4,1
17770,1507837771152689,1507837771000,4,17167,1507840217040,4,3,2,1,4,1
17770,1507837771152689,1507837771000,4,111095,1507840247040,4,3,2,1,4,1
290598,1507837775288690,1507837775000,2,183176,1507838016272,4,3,2,1,25,2
290598,1507837775288690,1507837775000,2,9308,1507838046272,4,3,2,1,25,2
151475,1507837779408691,1507837779000,3,156381,1507837946655,4,3,2,11,28,1
151475,1507837779408691,1507837779000,3,158094,1507838594580,4,3,2,11,28,1
151475,1507837779408691,1507837779000,3,158766,1507838624580,4,3,2,11,28,1
238533,1507837781292692,1507837781000,3,236512,1507837857010,4,3,20,5,28,1
238533,1507837781292692,1507837781000,3,156381,1507838284109,4,3,20,5,28,1
238533,1507837781292692,1507837781000,3,183176,1507838314109,4,3,20,5,28,1
251639,1507837781241693,1507837781000,2,50569,1507839592674,4,1,17,1,9,1
251639,1507837781241693,1507837781000,2,9308,1507839622674,4,1,17,1,9,1
264622,1507837782597694,1507837782000,2,156381,1507837784280,2,4,2,1,16,7
264622,1507837782597694,1507837782000,2,283192,1507837814280,2,4,2,1,16,7
40524,1507837784297695,1507837784000,2,96074,1507837944065,4,3,2,1,21,2
40524,1507837784297695,1507837784000,2,336245,1507837974065,4,3,2,1,21,2
36417,1507837799367696,1507837799000,2,348093,1507837816918,4,3,20,1,25,2
36417,1507837799367696,1507837799000,2,348112,1507837846918,4,3,20,1,25,2
258201,1507837800143697,1507837800000,2,233688,1507838016240,4,1,17,1,21,2
258201,1507837800143697,1507837800000,2,183176,1507838046240,4,1,17,1,21,2
18499,1507837801383698,1507837801000,2,348093,1507837844422,4,1,17,1,24,2
18499,1507837801383698,1507837801000,2,96074,1507837874422,4,1,17,1,24,2
2130,1507837802554699,1507837802000,3,159529,1507837866623,4,1,17,1,26,2
2130,1507837802554699,1507837802000,3,233742,1507838336089,4,1,17,1,26,2
2130,1507837802554699,1507837802000,3,96252,1507838366089,4,1,17,1,26,2
35625,1507837804145700,1507837804000,3,20691,1507845960014,4,1,17,1,25,2
35625,1507837804145700,1507837804000,3,288440,1507845993162,4,1,17,1,25,2
35625,1507837804145700,1507837804000,3,336245,1507846023162,4,1,17,1,25,2
290599,1507837807755701,1507837807000,2,356603,1507837807061,4,3,2,1,13,5
290599,1507837807755701,1507837807000,2,356602,1507837837061,4,3,2,1,13,5
91454,1507837807295702,1507837807000,6,111043,1507837961129,4,4,20,1,12,2
91454,1507837807295702,1507837807000,6,215993,1507838345948,4,4,20,1,12,1
91454,1507837807295702,1507837807000,6,113970,1507838530065,4,4,20,1,12,1
91454,1507837807295702,1507837807000,6,84914,1507838605479,4,4,20,1,12,1
91454,1507837807295702,1507837807000,6,84344,1507839070727,4,4,20,1,12,1
91454,1507837807295702,1507837807000,6,114962,1507839100727,4,4,20,1,12,1
4166,1507837809229703,1507837809000,2,20691,1507842632426,4,3,2,1,14,2
4166,1507837809229703,1507837809000,2,336245,1507842662426,4,3,2,1,14,2
85224,1507837813109704,1507837813000,2,100924,1507837949106,4,3,2,1,5,1
85224,1507837813109704,1507837813000,2,214084,1507837979106,4,3,2,1,5,1
160770,1507837813840705,1507837813000,2,233688,1507837990113,4,1,17,1,13,1
160770,1507837813840705,1507837813000,2,355178,1507838020113,4,1,17,1,13,1
66544,1507837813110706,1507837813000,2,158094,1507837846227,4,3,2,1,8,1
66544,1507837813110706,1507837813000,2,156381,1507837876227,4,3,2,1,8,1
290600,1507837814298707,1507837814000,6,230650,1507837907489,4,3,2,1,21,1
290600,1507837814298707,1507837814000,6,234006,1507838023161,4,3,2,1,21,5
290600,1507837814298707,1507837814000,6,336245,1507838065587,4,3,2,1,21,1
290600,1507837814298707,1507837814000,6,234192,1507838161974,4,3,2,1,21,1
290600,1507837814298707,1507837814000,6,4533,1507838252718,4,3,2,1,21,1
290600,1507837814298707,1507837814000,6,215993,1507838282718,4,3,2,1,21,1
18874,1507837830100708,1507837830000,2,355161,1507838596231,4,1,17,1,13,1
18874,1507837830100708,1507837830000,2,233688,1507838626231,4,1,17,1,13,1
286664,1507837833135709,1507837833000,2,348093,1507837859520,4,1,12,1,25,2
286664,1507837833135709,1507837833000,2,336245,1507837889520,4,1,12,1,25,2
12280,1507837838277710,1507837838000,6,20691,1507846698960,4,1,17,1,20,2
12280,1507837838277710,1507837838000,6,336245,1507847602630,4,1,17,1,20,2
12280,1507837838277710,1507837838000,6,96210,1507861223393,4,1,17,1,20,2
12280,1507837838277710,1507837838000,6,288440,1507861547117,4,1,17,1,20,2
12280,1507837838277710,1507837838000,6,288435,1507861558216,4,1,17,1,20,1
12280,1507837838277710,1507837838000,6,337441,1507861588216,4,1,17,1,20,1
192054,1507837845155711,1507837845000,5,48141,1507837893579,4,4,2,1,6,1
192054,1507837845155711,1507837845000,5,233688,1507837953631,4,4,2,1,6,1
192054,1507837845155711,1507837845000,5,336245,1507838195115,4,4,2,1,6,1
192054,1507837845155711,1507837845000,5,211723,1507838618408,4,4,2,1,6,1
192054,1507837845155711,1507837845000,5,214658,1507838648408,4,4,2,1,6,1
25650,1507837845242712,1507837845000,4,348093,1507837924030,4,1,17,1,13,2
25650,1507837845242712,1507837845000,4,128869,1507839349225,4,1,17,1,13,1
25650,1507837845242712,1507837845000,4,96210,1507839511753,4,1,17,1,13,1
25650,1507837845242712,1507837845000,4,15653,1507839541753,4,1,17,1,13,1
13330,1507837846127713,1507837846000,3,96242,1507838358664,4,4,20,1,21,1
13330,1507837846127713,1507837846000,3,84914,1507838421953,4,4,20,1,21,1
13330,1507837846127713,1507837846000,3,336245,1507838451953,4,4,20,1,21,1
35560,1507837851936714,1507837851000,2,337721,1507838076785,4,1,17,1,25,1
35560,1507837851936714,1507837851000,2,338133,1507838106785,4,1,17,1,25,1
154120,1507837853190715,1507837853000,2,96074,1507838268845,4,3,2,1,7,2
154120,1507837853190715,1507837853000,2,111043,1507838298845,4,3,2,1,7,2
8921,1507837853194716,1507837853000,2,20691,1507841476552,4,1,17,1,5,2
8921,1507837853194716,1507837853000,2,288440,1507841506552,4,1,17,1,5,2
83154,1507837853116717,1507837853000,4,348093,1507837895401,4,1,17,1,7,2
83154,1507837853116717,1507837853000,4,348089,1507837908049,4,1,17,1,7,1
83154,1507837853116717,1507837853000,4,233742,1507838138898,4,1,17,1,7,2
83154,1507837853116717,1507837853000,4,96074,1507838168898,4,1,17,1,7,2
16736,1507837857539718,1507837857000,4,156381,1507837901396,4,3,20,1,21,1
16736,1507837857539718,1507837857000,4,348112,1507837968751,4,3,20,1,21,1
16736,1507837857539718,1507837857000,4,285533,1507838355615,4,3,20,1,21,1
16736,1507837857539718,1507837857000,4,233688,1507838385615,4,3,20,1,21,1
97251,1507837859152719,1507837859000,3,336245,1507837934094,4,3,2,1,25,2
97251,1507837859152719,1507837859000,3,96074,1507838475422,4,3,2,1,25,2
97251,1507837859152719,1507837859000,3,96210,1507838505422,4,3,2,1,25,2
225229,1507837859255720,1507837859000,2,183176,1507838074076,4,3,20,1,25,2
225229,1507837859255720,1507837859000,2,283505,1507838104076,4,3,20,1,25,2
96910,1507837860134721,1507837860000,2,183176,1507838169050,4,3,2,1,16,2
96910,1507837860134721,1507837860000,2,223947,1507838199050,4,3,2,1,16,2
103550,1507837860298722,1507837860000,2,96074,1507837870097,4,1,17,1,13,2
103550,1507837860298722,1507837860000,2,233742,1507837900097,4,1,17,1,13,2
38355,1507837861420723,1507837861000,3,96074,1507837926138,4,3,2,1,25,2
38355,1507837861420723,1507837861000,3,233742,1507838113037,4,3,2,1,25,2
38355,1507837861420723,1507837861000,3,336245,1507838143037,4,3,2,1,25,2
102415,1507837861359724,1507837861000,2,20691,1507848880534,4,1,17,1,8,2
102415,1507837861359724,1507837861000,2,233742,1507848910534,4,1,17,1,8,2
887,1507837861201725,1507837861000,2,237162,1507837884817,4,1,17,1,21,1
887,1507837861201725,1507837861000,2,9308,1507837914817,4,1,17,1,21,1
29336,1507837864108726,1507837864000,3,96074,1507837899772,4,3,20,1,25,7
29336,1507837864108726,1507837864000,3,96252,1507837911239,4,3,20,1,25,7
29336,1507837864108726,1507837864000,3,336245,1507837941239,4,3,20,1,25,7
114863,1507837872287727,1507837872000,5,348093,1507837880559,4,3,2,1,12,2
114863,1507837872287727,1507837872000,5,96074,1507838351473,4,3,2,1,12,2
114863,1507837872287727,1507837872000,5,233742,1507838406255,4,3,2,1,12,2
114863,1507837872287727,1507837872000,5,96252,1507838429003,4,3,2,1,12,2
114863,1507837872287727,1507837872000,5,336245,1507838459003,4,3,2,1,12,2
23531,1507837874209728,1507837874000,2,96252,1507837942156,4,1,17,1,8,2
23531,1507837874209728,1507837874000,2,42158,1507837972156,4,1,17,1,8,2
171004,1507837874168729,1507837874000,2,96074,1507837991269,4,4,20,1,25,2
171004,1507837874168729,1507837874000,2,233688,1507838021269,4,4,20,1,25,2
30955,1507837874186730,1507837874000,2,183176,1507838288962,4,1,17,1,16,2
30955,1507837874186730,1507837874000,2,111043,1507838318962,4,1,17,1,16,2
36578,1507837875294731,1507837875000,12,288440,1507845824989,4,3,2,1,8,2
36578,1507837875294731,1507837875000,12,128968,1507846422041,4,3,2,1,8,1
36578,1507837875294731,1507837875000,12,190588,1507846516633,4,3,2,1,8,1
36578,1507837875294731,1507837875000,12,31808,1507846621798,4,3,2,1,8,1
36578,1507837875294731,1507837875000,12,30957,1507846632589,4,3,2,1,8,1
36578,1507837875294731,1507837875000,12,337263,1507846785241,4,3,2,1,8,1
36578,1507837875294731,1507837875000,12,133159,1507846940603,4,3,2,1,8,1
36578,1507837875294731,1507837875000,12,173463,1507847026058,4,3,2,1,8,1
36578,1507837875294731,1507837875000,12,31805,1507847164709,4,3,2,1,8,2
36578,1507837875294731,1507837875000,12,15637,1507847231039,4,3,2,1,8,1
36578,1507837875294731,1507837875000,12,17167,1507847266680,4,3,2,1,8,1
36578,1507837875294731,1507837875000,12,111043,1507847296680,4,3,2,1,8,1
290601,1507837875403732,1507837875000,5,183176,1507838068710,4,4,2,9,28,2
290601,1507837875403732,1507837875000,5,157742,1507838452753,4,4,2,9,28,1
290601,1507837875403732,1507837875000,5,348112,1507838530933,4,4,2,9,28,1
290601,1507837875403732,1507837875000,5,9308,1507838551851,4,4,2,9,28,1
290601,1507837875403732,1507837875000,5,159529,1507838581851,4,4,2,9,28,1
290602,1507837876221733,1507837876000,2,183176,1507838202592,4,1,17,1,25,2
290602,1507837876221733,1507837876000,2,111043,1507838232592,4,1,17,1,25,2
61147,1507837881993734,1507837881000,3,156381,1507837909011,4,3,2,1,25,1
61147,1507837881993734,1507837881000,3,158766,1507838272452,4,3,2,1,25,1
61147,1507837881993734,1507837881000,3,336245,1507838302452,4,3,2,1,25,1
103638,1507837882137735,1507837882000,4,237261,1507838071596,4,1,17,1,6,1
103638,1507837882137735,1507837882000,4,233688,1507838476432,4,1,17,1,6,1
103638,1507837882137735,1507837882000,4,336245,1507838675837,4,1,17,1,6,1
103638,1507837882137735,1507837882000,4,264315,1507838705837,4,1,17,1,6,1
290603,1507837883186736,1507837883000,2,96074,1507839845271,4,3,2,1,16,2
290603,1507837883186736,1507837883000,2,9308,1507839875271,4,3,2,1,16,2
197685,1507837883213737,1507837883000,2,234192,1507838029385,4,3,2,1,21,1
197685,1507837883213737,1507837883000,2,96210,1507838059385,4,3,2,1,21,1
19649,1507837886235738,1507837886000,2,159529,1507837917840,4,3,20,1,6,2
19649,1507837886235738,1507837886000,2,233688,1507837947840,4,3,20,1,6,2
29229,1507837886296739,1507837886000,3,348093,1507837895868,4,1,17,1,8,1
29229,1507837886296739,1507837886000,3,158094,1507837917631,4,1,17,1,8,1
29229,1507837886296739,1507837886000,3,156381,1507837947631,4,1,17,1,8,1
79674,1507837890283740,1507837890000,2,149706,1507837975016,4,1,17,1,24,1
79674,1507837890283740,1507837890000,2,297959,1507838005016,4,1,17,1,24,1
290604,1507837890260741,1507837890000,3,233688,1507838338545,4,3,2,1,19,2
290604,1507837890260741,1507837890000,3,183176,1507838485897,4,3,2,1,19,2
290604,1507837890260741,1507837890000,3,254567,1507838515897,4,3,2,1,19,2
75726,1507837891517742,1507837891000,2,42430,1507837999069,4,1,17,2,28,1
75726,1507837891517742,1507837891000,2,283116,1507838029069,4,1,17,2,28,1
78698,1507837895330743,1507837895000,2,348093,1507838059064,4,1,17,1,7,2
78698,1507837895330743,1507837895000,2,233742,1507838089064,4,1,17,1,7,2
36747,1507837897108744,1507837897000,4,336245,1507838110662,4,3,2,1,21,2
36747,1507837897108744,1507837897000,4,9308,1507838696453,4,3,2,1,21,1
36747,1507837897108744,1507837897000,4,233742,1507839030301,4,3,2,1,21,1
36747,1507837897108744,1507837897000,4,159529,1507839060301,4,3,2,1,21,1
8715,1507837906395745,1507837906000,4,236512,1507837972922,4,1,17,1,20,1
8715,1507837906395745,1507837906000,4,205873,1507838570485,4,1,17,1,20,1
8715,1507837906395745,1507837906000,4,234192,1507840963128,4,1,17,1,20,1
8715,1507837906395745,1507837906000,4,236552,1507840993128,4,1,17,1,20,1
16555,1507837907265746,1507837907000,2,186047,1507839037798,4,1,17,1,17,1
16555,1507837907265746,1507837907000,2,190593,1507839067798,4,1,17,1,17,1
100595,1507837908368747,1507837908000,2,156381,1507837915613,4,1,17,1,13,1
100595,1507837908368747,1507837908000,2,158094,1507837945613,4,1,17,1,13,1
135266,1507837908119748,1507837908000,2,31187,1507837908734,4,1,17,1,5,5
135266,1507837908119748,1507837908000,2,30201,1507837938734,4,1,17,1,5,5
172825,1507837910304749,1507837910000,2,348093,1507838026802,4,3,20,1,25,2
172825,1507837910304749,1507837910000,2,96074,1507838056802,4,3,20,1,25,2
18819,1507837910380750,1507837910000,2,96074,1507838086887,4,4,20,1,21,2
18819,1507837910380750,1507837910000,2,96252,1507838116887,4,4,20,1,21,2
290605,1507837911108751,1507837911000,2,50569,1507838571678,4,1,17,11,28,1
290605,1507837911108751,1507837911000,2,162276,1507838601678,4,1,17,11,28,1
23000,1507837914428752,1507837914000,3,283192,1507839742018,4,3,2,1,11,1
23000,1507837914428752,1507837914000,3,183176,1507840053523,4,3,2,1,11,2
23000,1507837914428752,1507837914000,3,96210,1507840083523,4,3,2,1,11,2
290606,1507837924879753,1507837924000,2,348093,1507842127764,4,3,2,1,25,2
290606,1507837924879753,1507837924000,2,348112,1507842157764,4,3,2,1,25,2
115836,1507837928396754,1507837928000,2,183176,1507837978144,4,3,2,1,12,1
115836,1507837928396754,1507837928000,2,47478,1507838008144,4,3,2,1,12,1
121763,1507837929322755,1507837929000,2,159529,1507838024651,4,3,20,1,21,2
121763,1507837929322755,1507837929000,2,336245,1507838054651,4,3,20,1,21,2
290607,1507837930183756,1507837930000,2,183176,1507838008323,4,1,17,1,25,2
290607,1507837930183756,1507837930000,2,96210,1507838038323,4,1,17,1,25,2
228217,1507837931310757,1507837931000,2,270538,1507837931848,4,1,12,9,28,4
228217,1507837931310757,1507837931000,2,183176,1507837961848,4,1,12,9,28,4
8183,1507837931297758,1507837931000,2,159529,1507838163212,4,1,17,1,20,2
8183,1507837931297758,1507837931000,2,336245,1507838193212,4,1,17,1,20,2
12994,1507837932740759,1507837932000,2,75843,1507844589555,4,1,17,1,19,1
12994,1507837932740759,1507837932000,2,157600,1507844619555,4,1,17,1,19,1
40596,1507837935289760,1507837935000,3,233688,1507838117484,4,3,2,1,25,2
40596,1507837935289760,1507837935000,3,111043,1507838328687,4,3,2,1,25,2
40596,1507837935289760,1507837935000,3,183176,1507838358687,4,3,2,1,25,2
53214,1507837937203761,1507837937000,4,327984,1507838488327,4,3,2,1,25,1
53214,1507837937203761,1507837937000,4,31219,1507838696538,4,3,2,1,25,1
53214,1507837937203761,1507837937000,4,285130,1507838918565,4,3,2,1,25,1
53214,1507837937203761,1507837937000,4,331635,1507838948565,4,3,2,1,25,1
225183,1507837939249762,1507837939000,3,348093,1507838006184,4,3,20,1,21,2
225183,1507837939249762,1507837939000,3,96074,1507838257326,4,3,20,1,21,2
225183,1507837939249762,1507837939000,3,159529,1507838287326,4,3,20,1,21,2
197725,1507837940377763,1507837940000,2,336245,1507838033986,4,1,17,1,13,2
197725,1507837940377763,1507837940000,2,233688,1507838063986,4,1,17,1,13,2
148995,1507837941199764,1507837941000,2,162276,1507837989058,4,1,17,1,13,1
148995,1507837941199764,1507837941000,2,96210,1507838019058,4,1,17,1,13,1
43670,1507837945317765,1507837945000,3,162572,1507838748345,4,1,17,1,20,1
43670,1507837945317765,1507837945000,3,205873,1507838752473,4,1,17,1,20,1
43670,1507837945317765,1507837945000,3,336245,1507838782473,4,1,17,1,20,1
107627,1507837947220766,1507837947000,2,96074,1507838057545,4,3,20,1,13,2
107627,1507837947220766,1507837947000,2,348112,1507838087545,4,3,20,1,13,2
122707,1507837949286767,1507837949000,2,336245,1507841493658,4,1,17,1,25,2
122707,1507837949286767,1507837949000,2,96074,1507841523658,4,1,17,1,25,2
44289,1507837951110768,1507837951000,2,96074,1507838143800,4,1,17,1,25,2
44289,1507837951110768,1507837951000,2,324553,1507838173800,4,1,17,1,25,2
33107,1507837951361769,1507837951000,5,96210,1507838582408,4,1,17,1,9,5
33107,1507837951361769,1507837951000,5,96127,1507838715529,4,1,17,1,9,1
33107,1507837951361769,1507837951000,5,96103,1507838858827,4,1,17,1,9,1
33107,1507837951361769,1507837951000,5,95536,1507838995486,4,1,17,1,9,1
33107,1507837951361769,1507837951000,5,96142,1507839025486,4,1,17,1,9,1
290608,1507837956254770,1507837956000,2,183176,1507838163733,4,3,2,1,25,2
290608,1507837956254770,1507837956000,2,348109,1507838193733,4,3,2,1,25,2
234350,1507837956499771,1507837956000,2,96074,1507838063207,4,3,20,1,21,2
234350,1507837956499771,1507837956000,2,233742,1507838093207,4,3,20,1,21,2
210403,1507837956335772,1507837956000,2,336245,1507838010601,4,1,17,1,20,2
210403,1507837956335772,1507837956000,2,270547,1507838040601,4,1,17,1,20,2
290609,1507837959173773,1507837959000,2,336245,1507838356567,4,4,20,11,28,2
290609,1507837959173773,1507837959000,2,233688,1507838386567,4,4,20,11,28,2
14106,1507837960299774,1507837960000,7,255457,1507838230037,4,3,2,1,21,1
14106,1507837960299774,1507837960000,7,336245,1507838269605,4,3,2,1,21,1
14106,1507837960299774,1507837960000,7,9308,1507838431150,4,3,2,1,21,1
14106,1507837960299774,1507837960000,7,233688,1507838630780,4,3,2,1,21,1
14106,1507837960299774,1507837960000,7,96210,1507838717303,4,3,2,1,21,1
14106,1507837960299774,1507837960000,7,96127,1507838942849,4,3,2,1,21,1
14106,1507837960299774,1507837960000,7,285130,1507838972849,4,3,2,1,21,1
169021,1507837962345775,1507837962000,2,183176,1507838699957,4,1,17,1,15,2
169021,1507837962345775,1507837962000,2,208150,1507838729957,4,1,17,1,15,2
290610,1507837963151776,1507837963000,2,183176,1507838114111,4,1,17,1,25,2
290610,1507837963151776,1507837963000,2,215993,1507838144111,4,1,17,1,25,2
3662,1507837966296777,1507837966000,6,265994,1507838047818,4,1,17,1,20,1
3662,1507837966296777,1507837966000,6,272803,1507838402132,4,1,17,1,20,1
3662,1507837966296777,1507837966000,6,270368,1507838519522,4,1,17,1,20,1
3662,1507837966296777,1507837966000,6,271970,1507838577429,4,1,17,1,20,1
3662,1507837966296777,1507837966000,6,336245,1507838754393,4,1,17,1,20,1
3662,1507837966296777,1507837966000,6,266020,1507838784393,4,1,17,1,20,1
6980,1507837968382778,1507837968000,2,156381,1507837992700,4,3,20,1,21,1
6980,1507837968382778,1507837968000,2,236512,1507838022700,4,3,20,1,21,1
282141,1507837969329779,1507837969000,2,159529,1507838206871,4,3,20,1,21,2
282141,1507837969329779,1507837969000,2,233742,1507838236871,4,3,20,1,21,2
122750,1507837972197780,1507837972000,2,236512,1507838160717,4,3,20,1,25,1
122750,1507837972197780,1507837972000,2,236561,1507838190717,4,3,20,1,25,1
100151,1507837974125781,1507837974000,2,159529,1507838057416,4,4,2,1,24,2
100151,1507837974125781,1507837974000,2,233742,1507838087416,4,4,2,1,24,2
38325,1507837977103782,1507837977000,2,183176,1507838127530,4,3,20,1,5,2
38325,1507837977103782,1507837977000,2,111043,1507838157530,4,3,20,1,5,2
114707,1507837979149783,1507837979000,3,96074,1507838124692,4,3,2,1,5,2
114707,1507837979149783,1507837979000,3,233688,1507838885194,4,3,2,1,5,2
114707,1507837979149783,1507837979000,3,111043,1507838915194,4,3,2,1,5,2
28741,1507837981328784,1507837981000,3,159529,1507838078588,4,3,20,1,25,2
28741,1507837981328784,1507837981000,3,183176,1507838164885,4,3,20,1,25,2
28741,1507837981328784,1507837981000,3,111043,1507838194885,4,3,20,1,25,2
108980,1507837982280785,1507837982000,2,348112,1507838029985,4,3,20,1,25,1
108980,1507837982280785,1507837982000,2,283192,1507838059985,4,3,20,1,25,1
101135,1507837982112786,1507837982000,4,336245,1507838449975,4,1,17,1,6,2
101135,1507837982112786,1507837982000,4,20691,1507841891351,4,1,17,1,6,2
101135,1507837982112786,1507837982000,4,205873,1507842601358,4,1,17,1,6,2
101135,1507837982112786,1507837982000,4,233742,1507842631358,4,1,17,1,6,2
20319,1507837984426787,1507837984000,2,183176,1507839173040,4,1,17,1,25,2
20319,1507837984426787,1507837984000,2,111043,1507839203040,4,1,17,1,25,2
6151,1507837990300788,1507837990000,2,157973,1507838269255,4,1,17,1,8,1
6151,1507837990300788,1507837990000,2,50569,1507838299255,4,1,17,1,8,1
966,1507837998334789,1507837998000,2,355161,1507838042147,4,3,2,1,20,1
966,1507837998334789,1507837998000,2,354451,1507838072147,4,3,2,1,20,1
290611,1507838002132790,1507838002000,2,50569,1507838573634,4,1,17,1,20,1
290611,1507838002132790,1507838002000,2,233688,1507838603634,4,1,17,1,20,1
42378,1507838003808791,1507838003000,4,159529,1507838085540,4,3,20,1,25,2
42378,1507838003808791,1507838003000,4,111043,1507838262050,4,3,20,1,25,2
42378,1507838003808791,1507838003000,4,183176,1507838649763,4,3,20,1,25,2
42378,1507838003808791,1507838003000,4,336245,1507838679763,4,3,20,1,25,2
16182,1507838004189792,1507838004000,4,96074,1507838190812,4,3,2,1,6,2
16182,1507838004189792,1507838004000,4,283192,1507838353721,4,3,2,1,6,1
16182,1507838004189792,1507838004000,4,159529,1507838455911,4,3,2,1,6,1
16182,1507838004189792,1507838004000,4,96210,1507838485911,4,3,2,1,6,1
25613,1507838004371793,1507838004000,2,100924,1507838643321,4,1,17,1,25,1
25613,1507838004371793,1507838004000,2,50405,1507838673321,4,1,17,1,25,1
8386,1507838005362794,1507838005000,4,233742,1507838083559,4,1,17,1,13,2
8386,1507838005362794,1507838005000,4,145692,1507838648350,4,1,17,1,13,1
8386,1507838005362794,1507838005000,4,336245,1507838682909,4,1,17,1,13,1
8386,1507838005362794,1507838005000,4,157973,1507838712909,4,1,17,1,13,1
198250,1507838008105795,1507838008000,3,288440,1507841772036,4,3,2,1,25,2
198250,1507838008105795,1507838008000,3,307061,1507842018027,4,3,2,1,25,1
198250,1507838008105795,1507838008000,3,307833,1507842048027,4,3,2,1,25,1
120073,1507838014234796,1507838014000,2,336245,1507838142732,4,1,17,1,25,2
120073,1507838014234796,1507838014000,2,96074,1507838172732,4,1,17,1,25,2
103704,1507838016231797,1507838016000,2,159529,1507838149908,4,1,17,1,20,2
103704,1507838016231797,1507838016000,2,183176,1507838179908,4,1,17,1,20,2
187570,1507838018127798,1507838018000,3,348093,1507838044920,4,3,2,1,4,2
187570,1507838018127798,1507838018000,3,205873,1507838258940,4,3,2,1,4,1
187570,1507838018127798,1507838018000,3,14707,1507838288940,4,3,2,1,4,1
70602,1507838018257799,1507838018000,3,42430,1507838156214,4,1,17,1,25,1
70602,1507838018257799,1507838018000,3,355167,1507838175127,4,1,17,1,25,1
70602,1507838018257799,1507838018000,3,159529,1507838205127,4,1,17,1,25,1
4948,1507838018463800,1507838018000,2,205873,1507839167773,4,3,2,1,25,1
4948,1507838018463800,1507838018000,2,336245,1507839197773,4,3,2,1,25,1
66245,1507838022119801,1507838022000,2,156381,1507838043279,4,3,20,1,21,1
66245,1507838022119801,1507838022000,2,159529,1507838073279,4,3,20,1,21,1
290612,1507838023209802,1507838023000,2,226569,1507838027654,4,3,2,1,21,5
290612,1507838023209802,1507838023000,2,160131,1507838057654,4,3,2,1,21,5
290613,1507838024295803,1507838024000,2,183176,1507838252395,4,3,2,1,8,2
290613,1507838024295803,1507838024000,2,159529,1507838282395,4,3,2,1,8,2
73539,1507838024144804,1507838024000,3,348093,1507838045163,4,1,17,1,21,2
73539,1507838024144804,1507838024000,3,159529,1507838157102,4,1,17,1,21,2
73539,1507838024144804,1507838024000,3,348109,1507838187102,4,1,17,1,21,2
122438,1507838029299805,1507838029000,4,283192,1507838091565,4,1,17,1,9,1
122438,1507838029299805,1507838029000,4,50569,1507838231836,4,1,17,1,9,1
122438,1507838029299805,1507838029000,4,96210,1507838384046,4,1,17,1,9,1
122438,1507838029299805,1507838029000,4,160096,1507838414046,4,1,17,1,9,1
26639,1507838029246806,1507838029000,2,336245,1507838709782,2,4,2,1,13,2
26639,1507838029246806,1507838029000,2,202522,1507838739782,2,4,2,1,13,2
15550,1507838031863807,1507838031000,2,96074,1507838100969,4,1,17,1,25,2
15550,1507838031863807,1507838031000,2,159529,1507838130969,4,1,17,1,25,2
290614,1507838032279808,1507838032000,2,183176,1507838088890,4,3,2,1,3,1
290614,1507838032279808,1507838032000,2,50569,1507838118890,4,3,2,1,3,1
267885,1507838032307809,1507838032000,2,336245,1507838393613,4,3,2,1,8,2
267885,1507838032307809,1507838032000,2,233688,1507838423613,4,3,2,1,8,2
290615,1507838034421810,1507838034000,2,156381,1507838291719,4,3,2,1,16,1
290615,1507838034421810,1507838034000,2,283192,1507838321719,4,3,2,1,16,1
7525,1507838035190811,1507838035000,5,348093,1507838099373,4,3,20,1,25,1
7525,1507838035190811,1507838035000,5,285533,1507838618035,4,3,20,1,25,1
7525,1507838035190811,1507838035000,5,50569,1507838900173,4,3,20,1,25,1
7525,1507838035190811,1507838035000,5,352265,1507839178420,4,3,20,1,25,1
7525,1507838035190811,1507838035000,5,285744,1507839208420,4,3,20,1,25,1
9156,1507838041119812,1507838041000,4,159529,1507838105001,4,3,2,1,25,2
9156,1507838041119812,1507838041000,4,96074,1507838109102,4,3,2,1,25,2
9156,1507838041119812,1507838041000,4,233742,1507838473526,4,3,2,1,25,1
9156,1507838041119812,1507838041000,4,336245,1507838503526,4,3,2,1,25,1
170266,1507838041400813,1507838041000,2,42430,1507849422958,4,1,12,1,25,1
170266,1507838041400813,1507838041000,2,214084,1507849452958,4,1,12,1,25,1
290616,1507838043227814,1507838043000,2,233688,1507838669350,2,3,20,1,8,2
290616,1507838043227814,1507838043000,2,183176,1507838699350,2,3,20,1,8,2
184086,1507838044330815,1507838044000,4,183176,1507838151692,4,3,2,1,16,1
184086,1507838044330815,1507838044000,4,283192,1507838642745,4,3,2,1,16,1
184086,1507838044330815,1507838044000,4,100924,1507838927343,4,3,2,1,16,1
184086,1507838044330815,1507838044000,4,161873,1507838957343,4,3,2,1,16,1
6702,1507838044113816,1507838044000,8,159529,1507838689000,4,3,2,1,16,2
6702,1507838044113816,1507838044000,8,96210,1507839104873,4,3,2,1,16,1
6702,1507838044113816,1507838044000,8,9308,1507839299241,4,3,2,1,16,1
6702,1507838044113816,1507838044000,8,160096,1507839824754,4,3,2,1,16,1
6702,1507838044113816,1507838044000,8,215993,1507840023785,4,3,2,1,16,1
6702,1507838044113816,1507838044000,8,183176,1507840768728,4,3,2,1,16,2
6702,1507838044113816,1507838044000,8,218331,1507840963881,4,3,2,1,16,1
6702,1507838044113816,1507838044000,8,258007,1507840993881,4,3,2,1,16,1
290617,1507838046407817,1507838046000,2,348109,1507840400807,4,1,17,1,19,1
290617,1507838046407817,1507838046000,2,283192,1507840430807,4,1,17,1,19,1
38991,1507838047908818,1507838047000,3,264314,1507838100685,4,3,2,1,4,1
38991,1507838047908818,1507838047000,3,264039,1507838261025,4,3,2,1,4,1
38991,1507838047908818,1507838047000,3,233688,1507838291025,4,3,2,1,4,1
23411,1507838054615819,1507838054000,4,348093,1507838103283,4,1,17,1,13,2
23411,1507838054615819,1507838054000,4,336245,1507838885911,4,1,17,1,13,2
23411,1507838054615819,1507838054000,4,111043,1507839076614,4,1,17,1,13,2
23411,1507838054615819,1507838054000,4,214084,1507839106614,4,1,17,1,13,2
123836,1507838055314820,1507838055000,2,283192,1507838101156,4,1,17,1,8,1
123836,1507838055314820,1507838055000,2,285130,1507838131156,4,1,17,1,8,1
290618,1507838058247821,1507838058000,2,283192,1507838189143,4,3,2,1,8,1
290618,1507838058247821,1507838058000,2,285130,1507838219143,4,3,2,1,8,1
169469,1507838061472822,1507838061000,3,323926,1507838083620,4,3,2,1,25,1
169469,1507838061472822,1507838061000,3,324393,1507838213394,4,3,2,1,25,1
169469,1507838061472822,1507838061000,3,233688,1507838243394,4,3,2,1,25,1
31810,1507838065216823,1507838065000,2,107095,1507838071316,4,1,17,1,27,1
31810,1507838065216823,1507838065000,2,101988,1507838101316,4,1,17,1,27,1
161826,1507838067179824,1507838067000,2,96074,1507838190249,4,1,17,1,21,2
161826,1507838067179824,1507838067000,2,159529,1507838220249,4,1,17,1,21,2
8870,1507838068349825,1507838068000,2,348093,1507838090811,4,3,2,1,17,2
8870,1507838068349825,1507838068000,2,96074,1507838120811,4,3,2,1,17,2
290619,1507838068228826,1507838068000,2,73499,1507838085993,4,3,2,1,6,7
290619,1507838068228826,1507838068000,2,70091,1507838115993,4,3,2,1,6,7
216760,1507838068416827,1507838068000,2,39186,1507840297317,4,1,17,1,13,5
216760,1507838068416827,1507838068000,2,39159,1507840327317,4,1,17,1,13,5
274233,1507838069162828,1507838069000,2,233742,1507838275832,4,3,2,1,13,2
274233,1507838069162828,1507838069000,2,183176,1507838305832,4,3,2,1,13,2
12064,1507838071260829,1507838071000,2,348093,1507838338173,4,1,17,1,13,2
12064,1507838071260829,1507838071000,2,233742,1507838368173,4,1,17,1,13,2
290620,1507838079383830,1507838079000,3,88914,1507838089109,4,1,17,4,28,1
290620,1507838079383830,1507838079000,3,87209,1507838265188,4,1,17,1,25,1
290620,1507838079383830,1507838079000,3,85319,1507838295188,4,1,17,1,25,1
134280,1507838080353831,1507838080000,2,348093,1507838171874,4,1,17,1,7,1
134280,1507838080353831,1507838080000,2,100924,1507838201874,4,1,17,1,7,1
290621,1507838082329832,1507838082000,2,159529,1507838110166,4,1,17,1,7,2
290621,1507838082329832,1507838082000,2,233742,1507838140166,4,1,17,1,7,2
15734,1507838083171833,1507838083000,25,96074,1507838154555,4,1,17,1,25,2
15734,1507838083171833,1507838083000,25,336245,1507838199960,4,1,17,1,25,2
15734,1507838083171833,1507838083000,25,233742,1507838447245,4,1,17,1,25,2
15734,1507838083171833,1507838083000,25,96252,1507838863316,4,1,17,1,25,2
15734,1507838083171833,1507838083000,25,194568,1507838899786,4,1,17,1,25,1
15734,1507838083171833,1507838083000,25,236512,1507839189243,4,1,17,1,25,1
15734,1507838083171833,1507838083000,25,352265,1507839288824,4,1,17,1,25,1
15734,1507838083171833,1507838083000,25,264523,1507839347283,4,1,17,1,25,1
15734,1507838083171833,1507838083000,25,316300,1507839424690,4,1,17,1,25,1
15734,1507838083171833,1507838083000,25,288548,1507839501263,4,1,17,1,25,1
15734,1507838083171833,1507838083000,25,352266,1507839557140,4,1,17,1,25,1
15734,1507838083171833,1507838083000,25,96210,1507839615232,4,1,17,1,25,1
15734,1507838083171833,1507838083000,25,289034,1507839750497,4,1,17,1,25,1
15734,1507838083171833,1507838083000,25,258007,1507839817114,4,1,17,1,25,1
15734,1507838083171833,1507838083000,25,288456,1507839972824,4,1,17,1,25,1
15734,1507838083171833,1507838083000,25,341030,1507840079469,4,1,17,1,25,1
15734,1507838083171833,1507838083000,25,304705,1507840143453,4,1,17,1,25,1
15734,1507838083171833,1507838083000,25,285130,1507840227163,4,1,17,1,25,1
15734,1507838083171833,1507838083000,25,321078,1507840361191,4,1,17,1,25,1
15734,1507838083171833,1507838083000,25,136036,1507840441117,4,1,17,1,25,1
15734,1507838083171833,1507838083000,25,4568,1507840483360,4,1,17,1,25,1
15734,1507838083171833,1507838083000,25,48485,1507840552480,4,1,17,1,25,1
15734,1507838083171833,1507838083000,25,157973,1507840673893,4,1,17,1,25,1
15734,1507838083171833,1507838083000,25,124679,1507840720295,4,1,17,1,25,1
15734,1507838083171833,1507838083000,25,341134,1507840750295,4,1,17,1,25,1
97693,1507838083105834,1507838083000,3,285533,1507838157293,4,3,20,1,25,1
97693,1507838083105834,1507838083000,3,284584,1507840846886,4,3,20,1,25,1
97693,1507838083105834,1507838083000,3,283192,1507840876886,4,3,20,1,25,1
182196,1507838083388835,1507838083000,2,183176,1507838201324,4,3,2,1,25,1
182196,1507838083388835,1507838083000,2,235383,1507838231324,4,3,2,1,25,1
1848,1507838085196836,1507838085000,2,355178,1507838370858,4,3,20,10,28,1
1848,1507838085196836,1507838085000,2,9308,1507838400858,4,3,20,10,28,1
32038,1507838087132837,1507838087000,3,336220,1507838087786,4,3,2,1,25,5
32038,1507838087132837,1507838087000,3,324231,1507838401373,4,3,2,1,25,5
32038,1507838087132837,1507838087000,3,286128,1507838431373,4,3,2,1,25,5
94586,1507838092943838,1507838092000,2,183176,1507838993827,4,1,17,1,20,2
94586,1507838092943838,1507838092000,2,160096,1507839023827,4,1,17,1,20,2
190424,1507838092191839,1507838092000,2,277139,1507840717516,4,3,2,5,28,1
190424,1507838092191839,1507838092000,2,352265,1507840747516,4,3,2,5,28,1
290622,1507838093406840,1507838093000,2,348093,1507838364634,4,1,13,1,13,1
290622,1507838093406840,1507838093000,2,355157,1507838394634,4,1,13,1,13,1
12360,1507838093885841,1507838093000,4,336245,1507838241177,4,1,17,1,15,2
12360,1507838093885841,1507838093000,4,183176,1507838272477,4,1,17,1,15,2
12360,1507838093885841,1507838093000,4,162276,1507838391168,4,1,17,1,15,1
12360,1507838093885841,1507838093000,4,74722,1507838421168,4,1,17,1,15,1
89897,1507838095293842,1507838095000,3,96074,1507838180215,4,1,17,1,25,2
89897,1507838095293842,1507838095000,3,336245,1507838916107,4,1,17,1,25,2
89897,1507838095293842,1507838095000,3,348093,1507838946107,4,1,17,1,25,2
4349,1507838097412843,1507838097000,4,233742,1507838207201,4,4,20,1,25,2
4349,1507838097412843,1507838097000,4,9308,1507838734134,4,4,20,1,25,1
4349,1507838097412843,1507838097000,4,9649,1507838895123,4,4,20,1,25,1
4349,1507838097412843,1507838097000,4,96210,1507838925123,4,4,20,1,25,1
23684,1507838098231844,1507838098000,3,285533,1507838128131,4,1,17,1,21,1
23684,1507838098231844,1507838098000,3,234390,1507839921145,4,1,17,1,21,1
23684,1507838098231844,1507838098000,3,233742,1507839951145,4,1,17,1,21,1
207067,1507838100119845,1507838100000,2,348093,1507838220639,4,1,17,1,21,2
207067,1507838100119845,1507838100000,2,348112,1507838250639,4,1,17,1,21,2
173592,1507838104350846,1507838104000,2,348093,1507838249527,4,1,12,10,28,2
173592,1507838104350846,1507838104000,2,336245,1507838279527,4,1,12,10,28,2
106557,1507838105164847,1507838105000,3,111043,1507838352536,4,3,2,1,7,2
106557,1507838105164847,1507838105000,3,183176,1507838413116,4,3,2,1,7,2
106557,1507838105164847,1507838105000,3,233688,1507838443116,4,3,2,1,7,2
290623,1507838107349848,1507838107000,2,70649,1507838529414,4,3,20,1,25,1
290623,1507838107349848,1507838107000,2,66080,1507838559414,4,3,20,1,25,1
290624,1507838108322849,1507838108000,2,159529,1507838155079,4,3,20,1,4,2
290624,1507838108322849,1507838108000,2,233742,1507838185079,4,3,20,1,4,2
21348,1507838108546850,1507838108000,3,353672,1507838115240,4,3,2,1,25,7
21348,1507838108546850,1507838108000,3,9308,1507838166362,4,3,2,1,25,1
21348,1507838108546850,1507838108000,3,348114,1507838196362,4,3,2,1,25,1
17447,1507838115322851,1507838115000,2,336245,1507839131744,4,1,17,1,24,2
17447,1507838115322851,1507838115000,2,288440,1507839161744,4,1,17,1,24,2
21414,1507838116104852,1507838116000,2,336245,1507840671579,4,1,17,1,17,2
21414,1507838116104852,1507838116000,2,20691,1507840701579,4,1,17,1,17,2
290625,1507838117106853,1507838117000,2,348093,1507838187492,4,3,2,1,25,2
290625,1507838117106853,1507838117000,2,348112,1507838217492,4,3,2,1,25,2
290626,1507838117103854,1507838117000,2,336245,1507838334202,4,1,17,1,25,2
290626,1507838117103854,1507838117000,2,136350,1507838364202,4,1,17,1,25,2
171592,1507838119408855,1507838119000,2,348093,1507838294431,4,3,2,1,13,2
171592,1507838119408855,1507838119000,2,159529,1507838324431,4,3,2,1,13,2
284791,1507838119260856,1507838119000,7,355178,1507838262285,4,1,17,1,21,1
284791,1507838119260856,1507838119000,7,234192,1507838269380,4,1,17,1,21,1
284791,1507838119260856,1507838119000,7,236552,1507838318644,4,1,17,1,21,1
284791,1507838119260856,1507838119000,7,237612,1507838338635,4,1,17,1,21,1
284791,1507838119260856,1507838119000,7,336245,1507838388597,4,1,17,1,21,1
284791,1507838119260856,1507838119000,7,355179,1507838466937,4,1,17,1,21,1
284791,1507838119260856,1507838119000,7,355823,1507838496937,4,1,17,1,21,1
110413,1507838120415857,1507838120000,4,233742,1507838434061,4,1,17,1,9,2
110413,1507838120415857,1507838120000,4,348093,1507838768570,4,1,17,1,9,2
110413,1507838120415857,1507838120000,4,20691,1507841394987,4,1,17,1,9,2
110413,1507838120415857,1507838120000,4,288440,1507841424987,4,1,17,1,9,2
259150,1507838120334858,1507838120000,2,31805,1507857794190,2,4,2,1,13,7
259150,1507838120334858,1507838120000,2,156381,1507857824190,2,4,2,1,13,7
290627,1507838121258859,1507838121000,5,336245,1507840667625,4,1,17,1,16,2
290627,1507838121258859,1507838121000,5,183176,1507841434396,4,1,17,1,16,2
290627,1507838121258859,1507838121000,5,111043,1507841493616,4,1,17,1,16,2
290627,1507838121258859,1507838121000,5,285533,1507847615246,4,1,17,1,16,1
290627,1507838121258859,1507838121000,5,215993,1507847645246,4,1,17,1,16,1
98046,1507838121261860,1507838121000,5,205873,1507849328244,4,1,17,1,13,2
98046,1507838121261860,1507838121000,5,160807,1507850043402,4,1,17,1,13,5
98046,1507838121261860,1507838121000,5,118784,1507865839638,4,1,17,1,13,2
98046,1507838121261860,1507838121000,5,336245,1507866479633,4,1,17,1,13,1
98046,1507838121261860,1507838121000,5,96210,1507866509633,4,1,17,1,13,1
123690,1507838121807861,1507838121000,2,159529,1507838756413,4,3,2,5,28,2
123690,1507838121807861,1507838121000,2,336245,1507838786413,4,3,2,5,28,2
288020,1507838122404862,1507838122000,2,233742,1507838176657,4,1,17,1,13,2
288020,1507838122404862,1507838122000,2,96074,1507838206657,4,1,17,1,13,2
122352,1507838125259863,1507838125000,2,159529,1507838556924,4,3,2,1,25,1
122352,1507838125259863,1507838125000,2,336245,1507838586924,4,3,2,1,25,1
217378,1507838132150864,1507838132000,3,183176,1507838182720,4,3,20,1,25,2
217378,1507838132150864,1507838132000,3,233688,1507838215329,4,3,20,1,25,1
217378,1507838132150864,1507838132000,3,348112,1507838245329,4,3,20,1,25,1
29427,1507838133286865,1507838133000,2,159529,1507838235458,4,4,20,10,28,2
29427,1507838133286865,1507838133000,2,336245,1507838265458,4,4,20,10,28,2
139973,1507838134167866,1507838134000,2,355178,1507840296943,4,1,17,1,25,1
139973,1507838134167866,1507838134000,2,157973,1507840326943,4,1,17,1,25,1
16505,1507838135149867,1507838135000,3,96074,1507838221292,4,3,20,8,28,2
16505,1507838135149867,1507838135000,3,159529,1507838316841,4,3,20,8,28,2
16505,1507838135149867,1507838135000,3,183176,1507838346841,4,3,20,8,28,2
290628,1507838136839868,1507838136000,2,183176,1507838483112,4,3,20,1,21,2
290628,1507838136839868,1507838136000,2,233688,1507838513112,4,3,20,1,21,2
233411,1507838137417869,1507838137000,2,96074,1507838597376,4,3,2,1,21,2
233411,1507838137417869,1507838137000,2,348093,1507838627376,4,3,2,1,21,2
39358,1507838139192870,1507838139000,2,159529,1507838674014,4,3,2,1,21,2
39358,1507838139192870,1507838139000,2,288440,1507838704014,4,3,2,1,21,2
6089,1507838139155871,1507838139000,8,183702,1507838263387,4,3,2,1,19,5
6089,1507838139155871,1507838139000,8,303696,1507838403628,4,3,2,1,19,5
6089,1507838139155871,1507838139000,8,254234,1507838479939,4,3,2,1,19,5
6089,1507838139155871,1507838139000,8,1445,1507838585442,4,3,2,1,19,5
6089,1507838139155871,1507838139000,8,180771,1507838667363,4,3,2,1,19,5
6089,1507838139155871,1507838139000,8,253178,1507839023324,4,3,2,1,19,5
6089,1507838139155871,1507838139000,8,72965,1507839551372,4,3,2,1,19,5
6089,1507838139155871,1507838139000,8,255556,1507839581372,4,3,2,1,19,5
226892,1507838145849872,1507838145000,2,174905,1507838174230,4,3,2,1,8,1
226892,1507838145849872,1507838145000,2,50569,1507838204230,4,3,2,1,8,1
290629,1507838149388873,1507838149000,2,183176,1507838432081,4,3,20,1,24,2
290629,1507838149388873,1507838149000,2,111043,1507838462081,4,3,20,1,24,2
227719,1507838155204874,1507838155000,2,348109,1507838342140,4,3,2,1,25,2
227719,1507838155204874,1507838155000,2,348093,1507838372140,4,3,2,1,25,2
290630,1507838155239875,1507838155000,2,50569,1507838345458,4,1,17,1,25,1
290630,1507838155239875,1507838155000,2,336245,1507838375458,4,1,17,1,25,1
190215,1507838156338876,1507838156000,2,183176,1507838186936,4,3,2,1,25,1
190215,1507838156338876,1507838156000,2,336245,1507838216936,4,3,2,1,25,1
122667,1507838157279877,1507838157000,3,159529,1507838855814,4,1,17,1,25,2
122667,1507838157279877,1507838157000,3,336245,1507838885657,4,1,17,1,25,2
122667,1507838157279877,1507838157000,3,288440,1507838915657,4,1,17,1,25,2
24750,1507838159168878,1507838159000,3,96074,1507838896580,4,3,2,1,27,2
24750,1507838159168878,1507838159000,3,159529,1507839034777,4,3,2,1,27,2
24750,1507838159168878,1507838159000,3,362901,1507839064777,4,3,2,1,27,2
15973,1507838164224879,1507838164000,2,348093,1507838193298,4,3,2,1,13,2
15973,1507838164224879,1507838164000,2,183176,1507838223298,4,3,2,1,13,2
65403,1507838164189880,1507838164000,2,120142,1507838482663,4,1,17,1,13,7
65403,1507838164189880,1507838164000,2,233742,1507838512663,4,1,17,1,13,7
73803,1507838164196881,1507838164000,3,348112,1507838173627,4,3,2,1,25,1
73803,1507838164196881,1507838164000,3,162572,1507840336630,4,3,2,1,25,1
73803,1507838164196881,1507838164000,3,348093,1507840366630,4,3,2,1,25,1
97472,1507838165314882,1507838165000,2,285533,1507838166990,4,1,17,1,21,6
97472,1507838165314882,1507838165000,2,336245,1507838196990,4,1,17,1,21,6
275128,1507838167154883,1507838167000,2,183176,1507838363689,4,3,2,1,25,2
275128,1507838167154883,1507838167000,2,215993,1507838393689,4,3,2,1,25,2
290631,1507838171132884,1507838171000,2,16893,1507839117352,4,3,2,1,4,1
290631,1507838171132884,1507838171000,2,14707,1507839147352,4,3,2,1,4,1
290632,1507838176143885,1507838176000,2,352265,1507838306609,4,3,2,1,25,1
290632,1507838176143885,1507838176000,2,74722,1507838336609,4,3,2,1,25,1
256360,1507838177255886,1507838177000,2,233688,1507838718552,4,1,17,1,1,2
256360,1507838177255886,1507838177000,2,183176,1507838748552,4,1,17,1,1,2
146958,1507838181108887,1507838181000,2,270547,1507839485030,4,1,17,1,20,1
146958,1507838181108887,1507838181000,2,270675,1507839515030,4,1,17,1,20,1
195379,1507838181230888,1507838181000,2,156381,1507838193473,4,3,2,1,25,1
195379,1507838181230888,1507838181000,2,233688,1507838223473,4,3,2,1,25,1
37363,1507838185329889,1507838185000,2,111043,1507838283024,4,3,2,1,25,2
37363,1507838185329889,1507838185000,2,233688,1507838313024,4,3,2,1,25,2
290633,1507838187103890,1507838187000,4,96210,1507838187550,4,1,17,1,10,6
290633,1507838187103890,1507838187000,4,96103,1507838342845,4,1,17,1,10,7
290633,1507838187103890,1507838187000,4,194920,1507838478729,4,1,17,1,10,7
290633,1507838187103890,1507838187000,4,9308,1507838508729,4,1,17,1,10,7
290634,1507838191703891,1507838191000,2,183176,1507838564324,4,3,2,1,25,2
290634,1507838191703891,1507838191000,2,111043,1507838594324,4,3,2,1,25,2
15659,1507838193294892,1507838193000,2,348093,1507838313641,4,3,2,1,21,2
15659,1507838193294892,1507838193000,2,96074,1507838343641,4,3,2,1,21,2
4766,1507838196392893,1507838196000,2,159529,1507838227519,4,3,2,1,25,2
4766,1507838196392893,1507838196000,2,100924,1507838257519,4,3,2,1,25,2
6223,1507838198256894,1507838198000,3,149706,1507838208859,4,3,2,1,15,4
6223,1507838198256894,1507838198000,3,208562,1507838670954,4,3,2,1,15,1
6223,1507838198256894,1507838198000,3,336245,1507838700954,4,3,2,1,15,1
18298,1507838201315895,1507838201000,2,96074,1507838227198,4,3,2,1,26,2
18298,1507838201315895,1507838201000,2,304040,1507838257198,4,3,2,1,26,2
42046,1507838201301896,1507838201000,2,183176,1507838267800,4,3,2,9,28,2
42046,1507838201301896,1507838201000,2,111043,1507838297800,4,3,2,9,28,2
176551,1507838202377897,1507838202000,2,228394,1507838206732,4,1,17,1,21,5
176551,1507838202377897,1507838202000,2,156381,1507838236732,4,1,17,1,21,5
190525,1507838207302898,1507838207000,2,96074,1507838228403,4,3,20,1,6,2
190525,1507838207302898,1507838207000,2,233742,1507838258403,4,3,20,1,6,2
1939,1507838211226899,1507838211000,3,348093,1507838247262,4,1,17,11,28,2
1939,1507838211226899,1507838211000,3,159529,1507838781750,4,1,17,11,28,2
1939,1507838211226899,1507838211000,3,111043,1507838811750,4,1,17,11,28,2
290635,1507838214240900,1507838214000,2,218070,1507846195428,4,1,17,1,16,5
290635,1507838214240900,1507838214000,2,215993,1507846225428,4,1,17,1,16,5
269061,1507838215218901,1507838215000,2,233742,1507838292128,4,3,2,1,21,2
269061,1507838215218901,1507838215000,2,233688,1507838322128,4,3,2,1,21,2
270407,1507838216168902,1507838216000,3,111043,1507838489119,2,4,2,1,13,2
270407,1507838216168902,1507838216000,3,233688,1507838654652,2,4,2,1,13,1
270407,1507838216168902,1507838216000,3,9308,1507838684652,2,4,2,1,13,1
290636,1507838217377903,1507838217000,2,111043,1507838459644,4,3,2,1,5,2
290636,1507838217377903,1507838217000,2,233688,1507838489644,4,3,2,1,5,2
19533,1507838219893904,1507838219000,3,2043,1507838313016,4,3,2,1,1,1
19533,1507838219893904,1507838219000,3,4549,1507838408109,4,3,2,1,1,1
19533,1507838219893904,1507838219000,3,215993,1507838438109,4,3,2,1,1,1
36623,1507838222223905,1507838222000,2,348093,1507838256823,4,1,17,1,25,1
36623,1507838222223905,1507838222000,2,42430,1507838286823,4,1,17,1,25,1
96204,1507838222388906,1507838222000,3,277139,1507838388476,4,3,2,1,17,1
96204,1507838222388906,1507838222000,3,48485,1507838796614,4,3,2,1,17,1
96204,1507838222388906,1507838222000,3,215993,1507838826614,4,3,2,1,17,1
45765,1507838223193907,1507838223000,2,348093,1507842205219,4,1,17,1,25,2
45765,1507838223193907,1507838223000,2,20691,1507842235219,4,1,17,1,25,2
290637,1507838225379908,1507838225000,2,183176,1507838278876,4,3,2,1,25,2
290637,1507838225379908,1507838225000,2,111043,1507838308876,4,3,2,1,25,2
290638,1507838225581909,1507838225000,2,156381,1507838885837,4,3,2,4,28,1
290638,1507838225581909,1507838225000,2,285533,1507838915837,4,3,2,4,28,1
44640,1507838227123910,1507838227000,2,233688,1507838303103,4,3,2,1,13,2
44640,1507838227123910,1507838227000,2,111043,1507838333103,4,3,2,1,13,2
290639,1507838233239911,1507838233000,2,111043,1507838424356,4,3,20,1,5,2
290639,1507838233239911,1507838233000,2,336245,1507838454356,4,3,20,1,5,2
290640,1507838233165912,1507838233000,2,111043,1507839172958,4,3,2,1,21,2
290640,1507838233165912,1507838233000,2,208150,1507839202958,4,3,2,1,21,2
15430,1507838234206913,1507838234000,3,96074,1507838356265,4,3,2,1,5,2
15430,1507838234206913,1507838234000,3,159529,1507838406217,4,3,2,1,5,2
15430,1507838234206913,1507838234000,3,348109,1507838436217,4,3,2,1,5,2
149656,1507838234172914,1507838234000,2,348093,1507838262069,4,1,17,1,13,2
149656,1507838234172914,1507838234000,2,159529,1507838292069,4,1,17,1,13,2
43100,1507838239375915,1507838239000,2,235383,1507838260883,4,1,17,1,24,1
43100,1507838239375915,1507838239000,2,300230,1507838290883,4,1,17,1,24,1
47154,1507838240363916,1507838240000,3,96074,1507838262118,4,3,2,1,21,2
47154,1507838240363916,1507838240000,3,233742,1507838263489,4,3,2,1,21,2
47154,1507838240363916,1507838240000,3,336245,1507838293489,4,3,2,1,21,2
26598,1507838242109917,1507838242000,2,183176,1507839671004,4,3,2,1,8,2
26598,1507838242109917,1507838242000,2,233688,1507839701004,4,3,2,1,8,2
223743,1507838243147918,1507838243000,4,215674,1507838246938,4,1,17,1,20,6
223743,1507838243147918,1507838243000,4,160142,1507839217241,4,1,17,1,20,6
223743,1507838243147918,1507838243000,4,96210,1507839291151,4,1,17,1,20,1
223743,1507838243147918,1507838243000,4,336245,1507839321151,4,1,17,1,20,1
224874,1507838245418919,1507838245000,3,50569,1507838822535,4,1,12,1,16,1
224874,1507838245418919,1507838245000,3,233688,1507838842144,4,1,12,1,16,1
224874,1507838245418919,1507838245000,3,96210,1507838872144,4,1,12,1,16,1
11570,1507838246678920,1507838246000,4,285744,1507843545656,4,1,17,10,28,1
11570,1507838246678920,1507838246000,4,159529,1507843681375,4,1,17,10,28,1
11570,1507838246678920,1507838246000,4,214084,1507844404173,4,1,17,10,28,1
11570,1507838246678920,1507838246000,4,158094,1507844434173,4,1,17,10,28,1
5394,1507838246526921,1507838246000,2,20691,1507842037685,4,3,2,1,6,2
5394,1507838246526921,1507838246000,2,288440,1507842067685,4,3,2,1,6,2
32739,1507838248426922,1507838248000,2,205873,1507838324172,4,1,17,1,13,1
32739,1507838248426922,1507838248000,2,96210,1507838354172,4,1,17,1,13,1
290641,1507838252281923,1507838252000,3,96586,1507838252607,4,3,2,1,13,7
290641,1507838252281923,1507838252000,3,96210,1507838499080,4,3,2,1,13,1
290641,1507838252281923,1507838252000,3,15653,1507838529080,4,3,2,1,13,1
3447,1507838253325924,1507838253000,2,352098,1507838310062,4,1,17,1,25,1
3447,1507838253325924,1507838253000,2,353675,1507838340062,4,1,17,1,25,1
15275,1507838254256925,1507838254000,9,101341,1507838509733,4,1,17,10,28,1
15275,1507838254256925,1507838254000,9,103419,1507838529394,4,1,17,10,28,1
15275,1507838254256925,1507838254000,9,103355,1507838559875,4,1,17,10,28,1
15275,1507838254256925,1507838254000,9,103329,1507838759252,4,1,17,10,28,1
15275,1507838254256925,1507838254000,9,103351,1507838869312,4,1,17,10,28,1
15275,1507838254256925,1507838254000,9,101342,1507839613285,4,1,17,10,28,1
15275,1507838254256925,1507838254000,9,103320,1507839638954,4,1,17,10,28,1
15275,1507838254256925,1507838254000,9,103403,1507839693965,4,1,17,10,28,1
15275,1507838254256925,1507838254000,9,103373,1507839723965,4,1,17,10,28,1
290642,1507838257369926,1507838257000,4,157973,1507838585449,4,1,12,1,25,1
290642,1507838257369926,1507838257000,4,341134,1507838646292,4,1,12,1,25,1
290642,1507838257369926,1507838257000,4,336245,1507838998179,4,1,12,1,25,1
290642,1507838257369926,1507838257000,4,354086,1507839028179,4,1,12,1,25,1
7568,1507838258106927,1507838258000,4,222784,1507838263522,4,1,17,1,16,5
7568,1507838258106927,1507838258000,4,224824,1507838971735,4,1,17,1,16,1
7568,1507838258106927,1507838258000,4,223947,1507840578955,4,1,17,1,16,1
7568,1507838258106927,1507838258000,4,292781,1507840608955,4,1,17,1,16,1
290643,1507838261156928,1507838261000,2,348093,1507838285068,4,3,2,1,13,2
290643,1507838261156928,1507838261000,2,159529,1507838315068,4,3,2,1,13,2
168150,1507838262178929,1507838262000,5,48485,1507838636729,4,3,2,1,13,1
168150,1507838262178929,1507838262000,5,336245,1507838821304,4,3,2,1,13,1
168150,1507838262178929,1507838262000,5,84836,1507840930981,4,3,2,1,13,1
168150,1507838262178929,1507838262000,5,83439,1507841269466,4,3,2,1,13,1
168150,1507838262178929,1507838262000,5,84914,1507841299466,4,3,2,1,13,1
56906,1507838264371930,1507838264000,3,233742,1507838294331,4,1,17,1,21,2
56906,1507838264371930,1507838264000,3,336245,1507838311725,4,1,17,1,21,2
56906,1507838264371930,1507838264000,3,159529,1507838341725,4,1,17,1,21,2
21379,1507838264539931,1507838264000,3,159529,1507838455948,4,1,12,1,25,2
21379,1507838264539931,1507838264000,3,96210,1507838516582,4,1,12,1,25,1
21379,1507838264539931,1507838264000,3,160096,1507838546582,4,1,12,1,25,1
208522,1507838267406932,1507838267000,3,336245,1507839722287,4,1,17,1,2,2
208522,1507838267406932,1507838267000,3,233688,1507840719572,4,1,17,1,2,2
208522,1507838267406932,1507838267000,3,111043,1507840749572,4,1,17,1,2,2
290644,1507838267272933,1507838267000,2,156381,1507838312829,4,3,2,1,25,1
290644,1507838267272933,1507838267000,2,348093,1507838342829,4,3,2,1,25,1
146026,1507838268399934,1507838268000,2,20691,1507839237562,4,3,2,1,4,1
146026,1507838268399934,1507838268000,2,62464,1507839267562,4,3,2,1,4,1
165225,1507838270352935,1507838270000,2,233688,1507840083077,4,4,20,1,21,2
165225,1507838270352935,1507838270000,2,208150,1507840113077,4,4,20,1,21,2
227807,1507838271347936,1507838271000,2,285533,1507844331832,4,1,17,1,24,1
227807,1507838271347936,1507838271000,2,211723,1507844361832,4,1,17,1,24,1
290645,1507838273305937,1507838273000,2,159449,1507838369149,4,3,2,1,21,1
290645,1507838273305937,1507838273000,2,233742,1507838399149,4,3,2,1,21,1
112866,1507838273308938,1507838273000,2,237611,1507850066098,4,1,17,1,21,2
112866,1507838273308938,1507838273000,2,336245,1507850096098,4,1,17,1,21,2
76596,1507838275392939,1507838275000,2,348093,1507838335279,4,3,2,1,15,2
76596,1507838275392939,1507838275000,2,233688,1507838365279,4,3,2,1,15,2
19652,1507838278764940,1507838278000,2,336245,1507838369321,4,3,2,1,11,2
19652,1507838278764940,1507838278000,2,96210,1507838399321,4,3,2,1,11,2
2583,1507838279185941,1507838279000,2,84429,1507838807797,4,3,2,1,7,1
2583,1507838279185941,1507838279000,2,285533,1507838837797,4,3,2,1,7,1
168188,1507838280130942,1507838280000,2,355156,1507838280034,4,1,17,9,28,4
168188,1507838280130942,1507838280000,2,355160,1507838310034,4,1,17,9,28,4
290646,1507838281131943,1507838281000,2,348574,1507838285997,4,3,2,1,25,4
290646,1507838281131943,1507838281000,2,348567,1507838315997,4,3,2,1,25,4
128096,1507838281308944,1507838281000,2,233742,1507845861529,4,1,17,1,21,2
128096,1507838281308944,1507838281000,2,336245,1507845891529,4,1,17,1,21,2
102848,1507838283280945,1507838283000,2,233688,1507838316410,4,3,2,1,5,2
102848,1507838283280945,1507838283000,2,111043,1507838346410,4,3,2,1,5,2
209772,1507838283152946,1507838283000,3,96210,1507838286301,4,1,17,1,21,6
209772,1507838283152946,1507838283000,3,336245,1507838458247,4,1,17,1,21,1
209772,1507838283152946,1507838283000,3,9308,1507838488247,4,1,17,1,21,1
32279,1507838287277947,1507838287000,2,233742,1507838683166,4,3,2,1,25,2
32279,1507838287277947,1507838287000,2,336245,1507838713166,4,3,2,1,25,2
140,1507838290897948,1507838290000,4,327984,1507838661994,4,1,17,1,15,1
140,1507838290897948,1507838290000,4,352265,1507839328089,4,1,17,1,15,1
140,1507838290897948,1507838290000,4,74722,1507842155800,4,1,17,1,15,4
140,1507838290897948,1507838290000,4,284584,1507842185800,4,1,17,1,15,4
13278,1507838292197949,1507838292000,3,336245,1507840202964,4,1,17,1,25,2
13278,1507838292197949,1507838292000,3,96210,1507840359941,4,1,17,1,25,1
13278,1507838292197949,1507838292000,3,20691,1507840389941,4,1,17,1,25,1
169724,1507838294242950,1507838294000,3,20691,1507851538488,4,1,13,1,21,2
169724,1507838294242950,1507838294000,3,288440,1507854745688,4,1,13,1,21,2
169724,1507838294242950,1507838294000,3,32088,1507854775688,4,1,13,1,21,2
290647,1507838295545951,1507838295000,2,159529,1507839438313,4,3,2,1,21,2
290647,1507838295545951,1507838295000,2,336245,1507839468313,4,3,2,1,21,2
7556,1507838298253952,1507838298000,2,111043,1507839006192,4,3,2,1,25,1
7556,1507838298253952,1507838298000,2,348112,1507839036192,4,3,2,1,25,1
221741,1507838300296953,1507838300000,2,288440,1507842922412,4,1,17,1,25,2
221741,1507838300296953,1507838300000,2,336245,1507842952412,4,1,17,1,25,2
1647,1507838300168954,1507838300000,2,156381,1507838542325,4,1,17,1,9,1
1647,1507838300168954,1507838300000,2,96210,1507838572325,4,1,17,1,9,1
171795,1507838301837955,1507838301000,2,111043,1507838352659,4,3,2,1,12,1
171795,1507838301837955,1507838301000,2,233688,1507838382659,4,3,2,1,12,1
180659,1507838307352956,1507838307000,3,96074,1507838372437,4,3,2,1,7,2
180659,1507838307352956,1507838307000,3,159529,1507838398976,4,3,2,1,7,2
180659,1507838307352956,1507838307000,3,9308,1507838428976,4,3,2,1,7,2
133159,1507838308403957,1507838308000,2,337721,1507838334870,4,1,17,1,25,1
133159,1507838308403957,1507838308000,2,233688,1507838364870,4,1,17,1,25,1
169581,1507838309562958,1507838309000,2,111043,1507838946536,4,3,2,1,25,2
169581,1507838309562958,1507838309000,2,183176,1507838976536,4,3,2,1,25,2
29234,1507838314255959,1507838314000,2,156381,1507838337088,4,1,17,1,20,1
29234,1507838314255959,1507838314000,2,158094,1507838367088,4,1,17,1,20,1
290648,1507838314182960,1507838314000,5,159529,1507838612821,4,4,20,1,25,2
290648,1507838314182960,1507838314000,5,233688,1507840399437,4,4,20,1,25,2
290648,1507838314182960,1507838314000,5,215993,1507840593611,4,4,20,1,25,1
290648,1507838314182960,1507838314000,5,9308,1507840972384,4,4,20,1,25,1
290648,1507838314182960,1507838314000,5,336245,1507841002384,4,4,20,1,25,1
94583,1507838318155961,1507838318000,3,156381,1507838353147,4,1,17,1,16,1
94583,1507838318155961,1507838318000,3,50569,1507838626298,4,1,17,1,16,1
94583,1507838318155961,1507838318000,3,42430,1507838656298,4,1,17,1,16,1
290649,1507838321922962,1507838321000,2,96074,1507838555451,4,1,17,1,25,2
290649,1507838321922962,1507838321000,2,233688,1507838585451,4,1,17,1,25,2
7285,1507838323212963,1507838323000,3,156381,1507838332373,4,1,17,1,25,1
7285,1507838323212963,1507838323000,3,205873,1507838342972,4,1,17,1,25,1
7285,1507838323212963,1507838323000,3,336245,1507838372972,4,1,17,1,25,1
30194,1507838325377964,1507838325000,2,157600,1507838449128,4,4,20,1,25,1
30194,1507838325377964,1507838325000,2,285744,1507838479128,4,4,20,1,25,1
110472,1507838333155965,1507838333000,2,336245,1507838913440,4,1,17,1,5,2
110472,1507838333155965,1507838333000,2,9308,1507838943440,4,1,17,1,5,2
6150,1507838340777966,1507838340000,4,159529,1507838491527,4,3,2,1,25,2
6150,1507838340777966,1507838340000,4,183176,1507838823742,4,3,2,1,25,2
6150,1507838340777966,1507838340000,4,336245,1507839108332,4,3,2,1,25,1
6150,1507838340777966,1507838340000,4,96210,1507839138332,4,3,2,1,25,1
65705,1507838355352967,1507838355000,2,348093,1507838375755,4,1,17,1,16,1
65705,1507838355352967,1507838355000,2,205873,1507838405755,4,1,17,1,16,1
200825,1507838356297968,1507838356000,2,50569,1507838724493,4,1,17,1,13,1
200825,1507838356297968,1507838356000,2,215993,1507838754493,4,1,17,1,13,1
245138,1507838359405969,1507838359000,2,233688,1507839133823,4,3,2,1,25,2
245138,1507838359405969,1507838359000,2,20691,1507839163823,4,3,2,1,25,2
40043,1507838361335970,1507838361000,2,96074,1507838498991,4,3,20,1,25,2
40043,1507838361335970,1507838361000,2,336245,1507838528991,4,3,20,1,25,2
7738,1507838363373971,1507838363000,2,283192,1507838717279,4,1,13,1,8,1
7738,1507838363373971,1507838363000,2,48485,1507838747279,4,1,13,1,8,1
290650,1507838364241972,1507838364000,2,156381,1507838411759,4,3,2,1,2,1
290650,1507838364241972,1507838364000,2,183176,1507838441759,4,3,2,1,2,1
193337,1507838364740973,1507838364000,4,348093,1507838596921,4,3,2,1,25,2
193337,1507838364740973,1507838364000,4,159529,1507838796070,4,3,2,1,25,2
193337,1507838364740973,1507838364000,4,336245,1507839257872,4,3,2,1,25,1
193337,1507838364740973,1507838364000,4,111043,1507839287872,4,3,2,1,25,1
283697,1507838367204974,1507838367000,4,356831,1507839462850,4,1,17,1,25,5
283697,1507838367204974,1507838367000,4,165416,1507839768906,4,1,17,1,25,1
283697,1507838367204974,1507838367000,4,165410,1507840108939,4,1,17,1,25,1
283697,1507838367204974,1507838367000,4,165404,1507840138939,4,1,17,1,25,1
290651,1507838369305975,1507838369000,2,265994,1507838370388,4,1,17,1,20,5
290651,1507838369305975,1507838369000,2,336245,1507838400388,4,1,17,1,20,5
158947,1507838371323976,1507838371000,2,327984,1507839063996,4,3,2,1,16,2
158947,1507838371323976,1507838371000,2,233742,1507839093996,4,3,2,1,16,2
27823,1507838373802977,1507838373000,2,96074,1507838436322,4,3,2,1,16,2
27823,1507838373802977,1507838373000,2,159529,1507838466322,4,3,2,1,16,2
290652,1507838373385978,1507838373000,2,233688,1507838472488,4,3,2,1,5,2
290652,1507838373385978,1507838373000,2,61554,1507838502488,4,3,2,1,5,2
15085,1507838374294979,1507838374000,2,159529,1507838491300,4,1,17,1,17,2
15085,1507838374294979,1507838374000,2,336245,1507838521300,4,1,17,1,17,2
99209,1507838374981980,1507838374000,2,159529,1507839164476,4,3,20,1,20,2
99209,1507838374981980,1507838374000,2,336245,1507839194476,4,3,20,1,20,2
10595,1507838375234981,1507838375000,2,47850,1507838479202,4,3,2,1,6,1
10595,1507838375234981,1507838375000,2,348093,1507838509202,4,3,2,1,6,1
267609,1507838375368982,1507838375000,2,159529,1507838443251,4,3,2,1,16,2
267609,1507838375368982,1507838375000,2,183176,1507838473251,4,3,2,1,16,2
290653,1507838377348983,1507838377000,4,96074,1507838404628,2,3,20,1,9,2
290653,1507838377348983,1507838377000,4,9308,1507838494593,2,3,20,1,9,1
290653,1507838377348983,1507838377000,4,159529,1507838745493,2,3,20,1,9,2
290653,1507838377348983,1507838377000,4,50569,1507838775493,2,3,20,1,9,2
290654,1507838378154984,1507838378000,14,160096,1507838378048,4,3,2,1,8,7
290654,1507838378154984,1507838378000,14,215993,1507838482752,4,3,2,1,8,1
290654,1507838378154984,1507838378000,14,336245,1507838483143,4,3,2,1,8,1
290654,1507838378154984,1507838378000,14,96210,1507838494504,4,3,2,1,8,1
290654,1507838378154984,1507838378000,14,233688,1507838518952,4,3,2,1,8,1
290654,1507838378154984,1507838378000,14,9308,1507838552053,4,3,2,1,8,1
290654,1507838378154984,1507838378000,14,257672,1507838558382,4,3,2,1,8,1
290654,1507838378154984,1507838378000,14,194920,1507838593246,4,3,2,1,8,1
290654,1507838378154984,1507838378000,14,348112,1507838677460,4,3,2,1,8,1
290654,1507838378154984,1507838378000,14,264078,1507839338206,4,3,2,1,8,1
290654,1507838378154984,1507838378000,14,15653,1507839344684,4,3,2,1,8,1
290654,1507838378154984,1507838378000,14,15447,1507839351043,4,3,2,1,8,1
290654,1507838378154984,1507838378000,14,129642,1507839392680,4,3,2,1,8,1
290654,1507838378154984,1507838378000,14,298676,1507839422680,4,3,2,1,8,1
222249,1507838381413985,1507838381000,4,96074,1507838538888,4,3,2,1,25,2
222249,1507838381413985,1507838381000,4,215993,1507838751564,4,3,2,1,25,1
222249,1507838381413985,1507838381000,4,9308,1507838928379,4,3,2,1,25,1
222249,1507838381413985,1507838381000,4,159529,1507838958379,4,3,2,1,25,1
265632,1507838385381986,1507838385000,3,111043,1507838470011,4,3,2,1,12,1
265632,1507838385381986,1507838385000,3,348112,1507838846699,4,3,2,1,12,1
265632,1507838385381986,1507838385000,3,285533,1507838876699,4,3,2,1,12,1
91776,1507838385128987,1507838385000,2,183176,1507839496533,4,3,2,1,12,2
91776,1507838385128987,1507838385000,2,336245,1507839526533,4,3,2,1,12,2
19807,1507838386147988,1507838386000,5,96074,1507838436793,4,3,2,1,24,2
19807,1507838386147988,1507838386000,5,9308,1507838601654,4,3,2,1,24,1
19807,1507838386147988,1507838386000,5,20691,1507838861661,4,3,2,1,24,1
19807,1507838386147988,1507838386000,5,337263,1507839006544,4,3,2,1,24,1
19807,1507838386147988,1507838386000,5,186848,1507839036544,4,3,2,1,24,1
5561,1507838387589989,1507838387000,2,50569,1507838570717,4,1,17,1,16,1
5561,1507838387589989,1507838387000,2,348112,1507838600717,4,1,17,1,16,1
157615,1507838388317990,1507838388000,2,348093,1507838657820,4,1,17,1,24,2
157615,1507838388317990,1507838388000,2,96074,1507838687820,4,1,17,1,24,2
290655,1507838388696991,1507838388000,2,96074,1507839501731,4,1,17,1,13,2
290655,1507838388696991,1507838388000,2,348093,1507839531731,4,1,17,1,13,2
24334,1507838392333992,1507838392000,3,323926,1507838887467,4,1,17,1,25,1
24334,1507838392333992,1507838392000,3,324029,1507839010983,4,1,17,1,25,1
24334,1507838392333992,1507838392000,3,324393,1507839040983,4,1,17,1,25,1
150435,1507838394963993,1507838394000,2,96074,1507838522952,4,4,20,1,21,2
150435,1507838394963993,1507838394000,2,348112,1507838552952,4,4,20,1,21,2
290656,1507838401248994,1507838401000,2,100802,1507839106580,4,1,17,1,13,1
290656,1507838401248994,1507838401000,2,100835,1507839136580,4,1,17,1,13,1
179149,1507838401686995,1507838401000,2,348093,1507838469933,4,1,17,1,4,1
179149,1507838401686995,1507838401000,2,50569,1507838499933,4,1,17,1,4,1
290657,1507838402305996,1507838402000,2,284339,1507841030730,4,1,17,1,25,6
290657,1507838402305996,1507838402000,2,20691,1507841060730,4,1,17,1,25,6
145151,1507838404613997,1507838404000,2,16893,1507840017162,4,1,17,1,4,1
145151,1507838404613997,1507838404000,2,16603,1507840047162,4,1,17,1,4,1
32786,1507838405276998,1507838405000,2,336245,1507845561572,4,1,17,1,25,2
32786,1507838405276998,1507838405000,2,20691,1507845591572,4,1,17,1,25,2
195902,1507838406388999,1507838406000,2,96074,1507838990059,4,3,2,1,11,2
195902,1507838406388999,1507838406000,2,116062,1507839020059,4,3,2,1,11,2
6320,1507838407178000,1507838407000,5,233688,1507838667178,4,1,17,1,13,2
6320,1507838407178000,1507838407000,5,183176,1507838888327,4,1,17,1,13,2
6320,1507838407178000,1507838407000,5,111043,1507838925313,4,1,17,1,13,2
6320,1507838407178000,1507838407000,5,159529,1507841449370,4,1,17,1,13,2
6320,1507838407178000,1507838407000,5,233742,1507841479370,4,1,17,1,13,2
282607,1507838408249001,1507838408000,2,159529,1507838520252,4,3,2,1,16,2
282607,1507838408249001,1507838408000,2,96210,1507838550252,4,3,2,1,16,2
191429,1507838409250002,1507838409000,2,233688,1507839090009,4,1,17,1,16,2
191429,1507838409250002,1507838409000,2,111043,1507839120009,4,1,17,1,16,2
250888,1507838410337003,1507838410000,2,233742,1507841060942,4,1,17,1,25,2
250888,1507838410337003,1507838410000,2,205873,1507841090942,4,1,17,1,25,2
34393,1507838411271004,1507838411000,3,96074,1507839424565,4,1,17,1,25,2
34393,1507838411271004,1507838411000,3,20691,1507841898619,4,1,17,1,25,2
34393,1507838411271004,1507838411000,3,84914,1507841928619,4,1,17,1,25,2
37504,1507838412362005,1507838412000,4,111043,1507838569408,4,3,2,1,13,2
37504,1507838412362005,1507838412000,4,233688,1507838732858,4,3,2,1,13,1
37504,1507838412362005,1507838412000,4,111095,1507838802385,4,3,2,1,13,1
37504,1507838412362005,1507838412000,4,9308,1507838832385,4,3,2,1,13,1
45,1507838412334006,1507838412000,2,156381,1507839101520,4,1,17,1,17,1
45,1507838412334006,1507838412000,2,355163,1507839131520,4,1,17,1,17,1
48464,1507838414452007,1507838414000,5,288440,1507843795904,4,1,17,1,5,2
48464,1507838414452007,1507838414000,5,31805,1507844066513,4,1,17,1,5,1
48464,1507838414452007,1507838414000,5,31187,1507844140441,4,1,17,1,5,1
48464,1507838414452007,1507838414000,5,183176,1507844481704,4,1,17,1,5,2
48464,1507838414452007,1507838414000,5,233688,1507844511704,4,1,17,1,5,2
27052,1507838418425008,1507838418000,3,159529,1507838811801,4,3,2,1,25,2
27052,1507838418425008,1507838418000,3,96252,1507839228780,4,3,2,1,25,2
27052,1507838418425008,1507838418000,3,96210,1507839258780,4,3,2,1,25,2
31570,1507838420119009,1507838420000,2,205873,1507841901182,4,1,17,1,21,1
31570,1507838420119009,1507838420000,2,162139,1507841931182,4,1,17,1,21,1
251776,1507838423252010,1507838423000,2,156381,1507838544442,4,3,2,1,27,1
251776,1507838423252010,1507838423000,2,233688,1507838574442,4,3,2,1,27,1
229123,1507838429355011,1507838429000,2,233742,1507838534281,4,1,17,1,9,2
229123,1507838429355011,1507838429000,2,159529,1507838564281,4,1,17,1,9,2
181265,1507838432312012,1507838432000,2,183176,1507838471674,4,3,2,1,25,1
181265,1507838432312012,1507838432000,2,327535,1507838501674,4,3,2,1,25,1
205972,1507838441371013,1507838441000,2,270599,1507838463632,4,1,17,1,20,1
205972,1507838441371013,1507838441000,2,336245,1507838493632,4,1,17,1,20,1
23145,1507838442107014,1507838442000,2,288440,1507841630459,4,3,2,1,5,2
23145,1507838442107014,1507838442000,2,336245,1507841660459,4,3,2,1,5,2
261262,1507838448222015,1507838448000,2,233742,1507838679127,4,1,17,1,25,2
261262,1507838448222015,1507838448000,2,316424,1507838709127,4,1,17,1,25,2
113874,1507838457205016,1507838457000,4,17167,1507838638400,4,1,17,1,4,1
113874,1507838457205016,1507838457000,4,236512,1507838771573,4,1,17,1,4,1
113874,1507838457205016,1507838457000,4,352265,1507839138876,4,1,17,1,4,1
113874,1507838457205016,1507838457000,4,42430,1507839168876,4,1,17,1,4,1
28095,1507838457198017,1507838457000,2,96074,1507838544178,4,3,2,1,25,2
28095,1507838457198017,1507838457000,2,233742,1507838574178,4,3,2,1,25,2
8619,1507838462230018,1507838462000,2,156381,1507838613999,4,1,17,1,25,1
8619,1507838462230018,1507838462000,2,214084,1507838643999,4,1,17,1,25,1
212929,1507838463161019,1507838463000,3,336245,1507840364171,4,1,17,1,25,2
212929,1507838463161019,1507838463000,3,96210,1507840604880,4,1,17,1,25,1
212929,1507838463161019,1507838463000,3,160096,1507840634880,4,1,17,1,25,1
158338,1507838465393020,1507838465000,2,159529,1507838511839,4,3,2,1,19,2
158338,1507838465393020,1507838465000,2,355163,1507838541839,4,3,2,1,19,2
290658,1507838467908021,1507838467000,3,348093,1507838474469,4,1,17,1,25,2
290658,1507838467908021,1507838467000,3,336245,1507838582601,4,1,17,1,25,1
290658,1507838467908021,1507838467000,3,96210,1507838612601,4,1,17,1,25,1
147620,1507838473315022,1507838473000,2,288457,1507838473943,4,3,20,1,21,7
147620,1507838473315022,1507838473000,2,348093,1507838503943,4,3,20,1,21,7
44555,1507838474201023,1507838474000,2,96074,1507838525447,4,3,20,1,21,2
44555,1507838474201023,1507838474000,2,159529,1507838555447,4,3,20,1,21,2
290659,1507838474159024,1507838474000,3,336245,1507846032860,4,1,17,1,25,1
290659,1507838474159024,1507838474000,3,9308,1507846785179,4,1,17,1,25,1
290659,1507838474159024,1507838474000,3,96210,1507846815179,4,1,17,1,25,1
145207,1507838475237025,1507838475000,2,348093,1507838490675,4,1,17,1,24,1
145207,1507838475237025,1507838475000,2,42430,1507838520675,4,1,17,1,24,1
64233,1507838478353026,1507838478000,2,336245,1507840193343,4,1,17,1,20,2
64233,1507838478353026,1507838478000,2,233742,1507840223343,4,1,17,1,20,2
290660,1507838479168027,1507838479000,2,233742,1507838718770,4,3,2,1,12,2
290660,1507838479168027,1507838479000,2,9308,1507838748770,4,3,2,1,12,2
290661,1507838480687028,1507838480000,3,2902,1507843123148,4,1,17,1,6,5
290661,1507838480687028,1507838480000,3,4291,1507843274792,4,1,17,1,6,1
290661,1507838480687028,1507838480000,3,2256,1507843304792,4,1,17,1,6,1
290662,1507838482119029,1507838482000,2,348109,1507838583822,4,4,2,1,25,2
290662,1507838482119029,1507838482000,2,348093,1507838613822,4,4,2,1,25,2
290663,1507838483228030,1507838483000,3,20691,1507841604597,4,1,17,1,16,2
290663,1507838483228030,1507838483000,3,288440,1507846199120,4,1,17,1,16,2
290663,1507838483228030,1507838483000,3,96074,1507846229120,4,1,17,1,16,2
290664,1507838486365031,1507838486000,2,111043,1507838610353,4,1,17,1,21,2
290664,1507838486365031,1507838486000,2,166040,1507838640353,4,1,17,1,21,2
175717,1507838488202032,1507838488000,2,336245,1507838625449,4,1,17,1,4,2
175717,1507838488202032,1507838488000,2,17167,1507838655449,4,1,17,1,4,2
224818,1507838489196033,1507838489000,2,96074,1507839129435,4,3,2,1,9,2
224818,1507838489196033,1507838489000,2,20691,1507839159435,4,3,2,1,9,2
290665,1507838492999034,1507838492000,2,31633,1507838493568,4,1,17,1,5,5
290665,1507838492999034,1507838492000,2,336245,1507838523568,4,1,17,1,5,5
13069,1507838493105035,1507838493000,2,233742,1507838664534,4,3,2,1,25,2
13069,1507838493105035,1507838493000,2,348112,1507838694534,4,3,2,1,25,2
290666,1507838493185036,1507838493000,3,336245,1507838750265,4,3,2,1,25,1
290666,1507838493185036,1507838493000,3,348112,1507838799957,4,3,2,1,25,1
290666,1507838493185036,1507838493000,3,156381,1507838829957,4,3,2,1,25,1
208174,1507838498372037,1507838498000,2,336245,1507838578072,4,1,17,1,16,7
208174,1507838498372037,1507838498000,2,223947,1507838608072,4,1,17,1,16,7
119721,1507838499242038,1507838499000,4,183176,1507839073411,4,1,17,1,25,1
119721,1507838499242038,1507838499000,4,96210,1507839324768,4,1,17,1,25,1
119721,1507838499242038,1507838499000,4,15653,1507839343147,4,1,17,1,25,1
119721,1507838499242038,1507838499000,4,336245,1507839373147,4,1,17,1,25,1
20666,1507838500389039,1507838500000,6,205873,1507845916267,4,1,17,1,13,2
20666,1507838500389039,1507838500000,6,70484,1507851213776,4,1,17,1,13,2
20666,1507838500389039,1507838500000,6,96210,1507851387585,4,1,17,1,13,1
20666,1507838500389039,1507838500000,6,84194,1507851725954,4,1,17,1,13,1
20666,1507838500389039,1507838500000,6,84457,1507851861400,4,1,17,1,13,1
20666,1507838500389039,1507838500000,6,233742,1507851891400,4,1,17,1,13,1
23507,1507838502215040,1507838502000,2,96074,1507838853064,4,1,17,1,17,2
23507,1507838502215040,1507838502000,2,96210,1507838883064,4,1,17,1,17,2
80097,1507838503480041,1507838503000,2,121422,1507838524408,4,1,17,1,13,1
80097,1507838503480041,1507838503000,2,348093,1507838554408,4,1,17,1,13,1
212978,1507838508292042,1507838508000,2,76746,1507838516304,4,1,17,1,8,5
212978,1507838508292042,1507838508000,2,76753,1507838546304,4,1,17,1,8,5
28700,1507838510389043,1507838510000,2,156381,1507840946304,4,3,2,1,21,1
28700,1507838510389043,1507838510000,2,183176,1507840976304,4,3,2,1,21,1
290667,1507838511235044,1507838511000,3,70484,1507851564927,4,1,17,1,21,2
290667,1507838511235044,1507838511000,3,71601,1507851712840,4,1,17,1,21,1
290667,1507838511235044,1507838511000,3,69814,1507851742840,4,1,17,1,21,1
290668,1507838512514045,1507838512000,3,336245,1507839554263,4,1,17,1,21,2
290668,1507838512514045,1507838512000,3,111043,1507840033502,4,1,17,1,21,2
290668,1507838512514045,1507838512000,3,183176,1507840063502,4,1,17,1,21,2
171454,1507838512193046,1507838512000,3,336245,1507838601040,4,3,2,1,17,2
171454,1507838512193046,1507838512000,3,233688,1507838672006,4,3,2,1,17,1
171454,1507838512193046,1507838512000,3,215993,1507838702006,4,3,2,1,17,1
290669,1507838519623047,1507838519000,2,208562,1507838855379,4,3,2,1,21,1
290669,1507838519623047,1507838519000,2,208150,1507838885379,4,3,2,1,21,1
243212,1507838520104048,1507838520000,2,336245,1507838584251,4,3,20,1,25,2
243212,1507838520104048,1507838520000,2,348093,1507838614251,4,3,20,1,25,2
39170,1507838520199049,1507838520000,2,183176,1507842218686,4,1,17,1,16,2
39170,1507838520199049,1507838520000,2,233688,1507842248686,4,1,17,1,16,2
29474,1507838521199050,1507838521000,3,336245,1507838933961,4,1,17,1,21,2
29474,1507838521199050,1507838521000,3,74722,1507838983678,4,1,17,1,21,4
29474,1507838521199050,1507838521000,3,96074,1507839013678,4,1,17,1,21,4
140099,1507838522215051,1507838522000,2,336245,1507839525563,4,3,2,1,25,2
140099,1507838522215051,1507838522000,2,9308,1507839555563,4,3,2,1,25,2
290670,1507838527369052,1507838527000,14,156381,1507840355143,4,1,17,1,21,1
290670,1507838527369052,1507838527000,14,285533,1507840427670,4,1,17,1,21,1
290670,1507838527369052,1507838527000,14,283192,1507840435131,4,1,17,1,21,1
290670,1507838527369052,1507838527000,14,50569,1507840454886,4,1,17,1,21,1
290670,1507838527369052,1507838527000,14,61395,1507840508038,4,1,17,1,21,1
290670,1507838527369052,1507838527000,14,107073,1507840510716,4,1,17,1,21,1
290670,1507838527369052,1507838527000,14,235396,1507840525408,4,1,17,1,21,1
290670,1507838527369052,1507838527000,14,212050,1507840585277,4,1,17,1,21,1
290670,1507838527369052,1507838527000,14,158094,1507840608527,4,1,17,1,21,1
290670,1507838527369052,1507838527000,14,159529,1507841119011,4,1,17,1,21,1
290670,1507838527369052,1507838527000,14,96210,1507841132288,4,1,17,1,21,1
290670,1507838527369052,1507838527000,14,233742,1507841259906,4,1,17,1,21,1
290670,1507838527369052,1507838527000,14,107095,1507843994359,4,1,17,1,21,1
290670,1507838527369052,1507838527000,14,9308,1507844024359,4,1,17,1,21,1
290671,1507838528316053,1507838528000,2,183176,1507846557315,4,3,20,1,25,2
290671,1507838528316053,1507838528000,2,233688,1507846587315,4,3,20,1,25,2
49257,1507838531268054,1507838531000,2,336245,1507838586465,4,3,20,1,20,1
49257,1507838531268054,1507838531000,2,9308,1507838616465,4,3,20,1,20,1
106079,1507838531414055,1507838531000,4,96074,1507839223766,4,1,17,1,13,2
106079,1507838531414055,1507838531000,4,96210,1507839616011,4,1,17,1,13,1
106079,1507838531414055,1507838531000,4,9308,1507839744745,4,1,17,1,13,1
106079,1507838531414055,1507838531000,4,9649,1507839774745,4,1,17,1,13,1
290672,1507838534260056,1507838534000,2,348093,1507838624689,4,1,17,1,7,2
290672,1507838534260056,1507838534000,2,159529,1507838654689,4,1,17,1,7,2
4087,1507838536930057,1507838536000,3,96074,1507838662846,4,3,2,1,25,2
4087,1507838536930057,1507838536000,3,336245,1507838712242,4,3,2,1,25,1
4087,1507838536930057,1507838536000,3,9308,1507838742242,4,3,2,1,25,1
226637,1507838539357058,1507838539000,2,284793,1507838549197,4,1,17,1,25,6
226637,1507838539357058,1507838539000,2,352266,1507838579197,4,1,17,1,25,6
14253,1507838542202059,1507838542000,6,336245,1507838608887,4,1,17,1,16,2
14253,1507838542202059,1507838542000,6,96074,1507840110562,4,1,17,1,16,2
14253,1507838542202059,1507838542000,6,8626,1507840818217,4,1,17,1,16,1
14253,1507838542202059,1507838542000,6,341030,1507840980166,4,1,17,1,16,1
14253,1507838542202059,1507838542000,6,123374,1507841061071,4,1,17,1,16,1
14253,1507838542202059,1507838542000,6,159529,1507841091071,4,1,17,1,16,1
175756,1507838542359060,1507838542000,2,156381,1507838669352,4,1,12,1,20,7
175756,1507838542359060,1507838542000,2,158094,1507838699352,4,1,12,1,20,7
6805,1507838543877061,1507838543000,2,159529,1507838662566,4,3,2,1,21,2
6805,1507838543877061,1507838543000,2,233742,1507838692566,4,3,2,1,21,2
105950,1507838544397062,1507838544000,3,211723,1507839054048,4,3,19,1,13,1
105950,1507838544397062,1507838544000,3,136350,1507839470081,4,3,19,1,13,7
105950,1507838544397062,1507838544000,3,205873,1507839500081,4,3,19,1,13,7
151372,1507838544326063,1507838544000,2,233688,1507840413069,4,3,2,1,24,1
151372,1507838544326063,1507838544000,2,215993,1507840443069,4,3,2,1,24,1
127016,1507838544244064,1507838544000,2,336245,1507848272628,4,1,17,1,25,2
127016,1507838544244064,1507838544000,2,9308,1507848302628,4,1,17,1,25,2
104660,1507838547157065,1507838547000,2,349020,1507838548418,4,1,17,1,25,5
104660,1507838547157065,1507838547000,2,350576,1507838578418,4,1,17,1,25,5
208100,1507838551287066,1507838551000,2,159529,1507838669696,4,3,2,1,21,2
208100,1507838551287066,1507838551000,2,183176,1507838699696,4,3,2,1,21,2
9832,1507838554417067,1507838554000,3,183176,1507838815122,2,3,20,1,6,2
9832,1507838554417067,1507838554000,3,111043,1507838834824,2,3,20,1,6,2
9832,1507838554417067,1507838554000,3,159529,1507838864824,2,3,20,1,6,2
242633,1507838554314068,1507838554000,2,233688,1507838703553,4,3,20,1,21,2
242633,1507838554314068,1507838554000,2,183176,1507838733553,4,3,20,1,21,2
290673,1507838557292069,1507838557000,2,205873,1507838613947,4,3,20,1,13,1
290673,1507838557292069,1507838557000,2,214084,1507838643947,4,3,20,1,13,1
38429,1507838558772070,1507838558000,2,336245,1507838661560,4,3,2,1,25,2
38429,1507838558772070,1507838558000,2,9308,1507838691560,4,3,2,1,25,2
290674,1507838559139071,1507838559000,2,288440,1507843158691,4,3,2,1,25,2
290674,1507838559139071,1507838559000,2,336245,1507843188691,4,3,2,1,25,2
290675,1507838562370072,1507838562000,2,20691,1507844919624,4,1,17,1,8,2
290675,1507838562370072,1507838562000,2,96210,1507844949624,4,1,17,1,8,2
222507,1507838563361073,1507838563000,10,348109,1507838802513,4,3,2,1,13,1
222507,1507838563361073,1507838563000,10,31187,1507839694881,4,3,2,1,13,1
222507,1507838563361073,1507838563000,10,30957,1507839768287,4,3,2,1,13,1
222507,1507838563361073,1507838563000,10,208150,1507840221365,4,3,2,1,13,1
222507,1507838563361073,1507838563000,10,348123,1507840894194,4,3,2,1,13,1
222507,1507838563361073,1507838563000,10,348090,1507840939260,4,3,2,1,13,1
222507,1507838563361073,1507838563000,10,48485,1507841042638,4,3,2,1,13,1
222507,1507838563361073,1507838563000,10,235383,1507841549340,4,3,2,1,13,1
222507,1507838563361073,1507838563000,10,9308,1507841636981,4,3,2,1,13,1
222507,1507838563361073,1507838563000,10,31805,1507841666981,4,3,2,1,13,1
34490,1507838564134074,1507838564000,2,284793,1507838745091,4,1,17,1,9,5
34490,1507838564134074,1507838564000,2,327984,1507838775091,4,1,17,1,9,5
111424,1507838569368075,1507838569000,2,96074,1507842965397,4,1,17,1,13,2
111424,1507838569368075,1507838569000,2,123559,1507842995397,4,1,17,1,13,2
26307,1507838569230076,1507838569000,2,338164,1507838782813,4,3,2,1,25,1
26307,1507838569230076,1507838569000,2,337263,1507838812813,4,3,2,1,25,1
290676,1507838572387077,1507838572000,2,354086,1507838578036,4,1,17,1,25,6
290676,1507838572387077,1507838572000,2,96210,1507838608036,4,1,17,1,25,6
67745,1507838572203078,1507838572000,2,159529,1507838620192,4,1,17,1,25,2
67745,1507838572203078,1507838572000,2,233742,1507838650192,4,1,17,1,25,2
193588,1507838573212079,1507838573000,2,288440,1507846061444,4,1,17,1,25,2
193588,1507838573212079,1507838573000,2,96210,1507846091444,4,1,17,1,25,2
256118,1507838574192080,1507838574000,3,8467,1507838633387,4,1,17,1,2,1
256118,1507838574192080,1507838574000,3,336245,1507838703238,4,1,17,1,2,1
256118,1507838574192080,1507838574000,3,10253,1507838733238,4,1,17,1,2,1
246997,1507838579340081,1507838579000,5,348093,1507839393838,4,4,2,1,25,1
246997,1507838579340081,1507838579000,5,84914,1507839705096,4,4,2,1,25,1
246997,1507838579340081,1507838579000,5,83439,1507839916895,4,4,2,1,25,1
246997,1507838579340081,1507838579000,5,158094,1507840065780,4,4,2,1,25,1
246997,1507838579340081,1507838579000,5,336245,1507840095780,4,4,2,1,25,1
23331,1507838579267082,1507838579000,2,96074,1507838630532,4,3,20,1,25,2
23331,1507838579267082,1507838579000,2,336245,1507838660532,4,3,20,1,25,2
223968,1507838579481083,1507838579000,4,158094,1507838628482,4,1,17,1,15,1
223968,1507838579481083,1507838579000,4,96210,1507838803270,4,1,17,1,15,1
223968,1507838579481083,1507838579000,4,156381,1507839173229,4,1,17,1,15,1
223968,1507838579481083,1507838579000,4,50569,1507839203229,4,1,17,1,15,1
197236,1507838579380084,1507838579000,4,96074,1507838604943,4,3,2,1,25,2
197236,1507838579380084,1507838579000,4,233688,1507838686337,4,3,2,1,25,1
197236,1507838579380084,1507838579000,4,336245,1507838786437,4,3,2,1,25,2
197236,1507838579380084,1507838579000,4,9308,1507838816437,4,3,2,1,25,2
290677,1507838582121085,1507838582000,2,233742,1507838861293,4,4,20,4,28,2
290677,1507838582121085,1507838582000,2,336245,1507838891293,4,4,20,4,28,2
82417,1507838589792086,1507838589000,2,348093,1507838653211,4,3,2,1,13,2
82417,1507838589792086,1507838589000,2,233688,1507838683211,4,3,2,1,13,2
137904,1507838590205087,1507838590000,2,205873,1507840152734,4,1,17,1,17,1
137904,1507838590205087,1507838590000,2,50569,1507840182734,4,1,17,1,17,1
837,1507838593376088,1507838593000,2,159529,1507838642689,4,3,2,1,14,7
837,1507838593376088,1507838593000,2,233688,1507838672689,4,3,2,1,14,7
290678,1507838595330089,1507838595000,2,183176,1507838846679,4,3,2,1,15,2
290678,1507838595330089,1507838595000,2,111043,1507838876679,4,3,2,1,15,2
29037,1507838596178090,1507838596000,2,307061,1507839039229,4,3,2,1,25,1
29037,1507838596178090,1507838596000,2,336245,1507839069229,4,3,2,1,25,1
290679,1507838598303091,1507838598000,2,156381,1507838633557,4,3,2,1,5,1
290679,1507838598303091,1507838598000,2,31187,1507838663557,4,3,2,1,5,1
44116,1507838598216092,1507838598000,2,205873,1507843247368,4,3,2,1,17,1
44116,1507838598216092,1507838598000,2,186047,1507843277368,4,3,2,1,17,1
290680,1507838599209093,1507838599000,2,159529,1507838699916,4,1,17,1,13,2
290680,1507838599209093,1507838599000,2,336245,1507838729916,4,1,17,1,13,2
14381,1507838600236094,1507838600000,2,205873,1507848282553,4,1,17,1,21,2
14381,1507838600236094,1507838600000,2,237611,1507848312553,4,1,17,1,21,2
100196,1507838603169095,1507838603000,3,336245,1507838710582,4,3,2,1,25,2
100196,1507838603169095,1507838603000,3,96074,1507839063588,4,3,2,1,25,2
100196,1507838603169095,1507838603000,3,159529,1507839093588,4,3,2,1,25,2
15541,1507838607177096,1507838607000,2,50569,1507838720547,4,1,17,1,16,1
15541,1507838607177096,1507838607000,2,156381,1507838750547,4,1,17,1,16,1
290681,1507838608137097,1507838608000,2,336245,1507838689639,4,1,17,1,25,2
290681,1507838608137097,1507838608000,2,96210,1507838719639,4,1,17,1,25,2
8934,1507838612291098,1507838612000,3,234390,1507838797349,4,1,17,1,5,1
8934,1507838612291098,1507838612000,3,31808,1507838824878,4,1,17,1,5,1
8934,1507838612291098,1507838612000,3,336245,1507838854878,4,1,17,1,5,1
20641,1507838615121099,1507838615000,3,20691,1507841449386,4,3,2,1,25,2
20641,1507838615121099,1507838615000,3,348112,1507841531002,4,3,2,1,25,1
20641,1507838615121099,1507838615000,3,205873,1507841561002,4,3,2,1,25,1
32921,1507838617131100,1507838617000,2,84618,1507838627891,4,3,2,1,24,1
32921,1507838617131100,1507838617000,2,257284,1507838657891,4,3,2,1,24,1
105205,1507838618287101,1507838618000,2,233688,1507839797135,4,3,2,1,8,2
105205,1507838618287101,1507838618000,2,111043,1507839827135,4,3,2,1,8,2
286808,1507838627100102,1507838627000,5,348093,1507838661726,4,3,2,1,25,2
286808,1507838627100102,1507838627000,5,336245,1507839693194,4,3,2,1,25,1
286808,1507838627100102,1507838627000,5,348140,1507839784932,4,3,2,1,25,1
286808,1507838627100102,1507838627000,5,233688,1507839907105,4,3,2,1,25,1
286808,1507838627100102,1507838627000,5,348112,1507839937105,4,3,2,1,25,1
98763,1507838628170103,1507838628000,5,245299,1507838749547,4,1,17,1,21,1
98763,1507838628170103,1507838628000,5,245181,1507838755580,4,1,17,1,21,1
98763,1507838628170103,1507838628000,5,245622,1507838794297,4,1,17,1,21,1
98763,1507838628170103,1507838628000,5,277139,1507839611470,4,1,17,1,21,1
98763,1507838628170103,1507838628000,5,341134,1507839641470,4,1,17,1,21,1
16289,1507838634204104,1507838634000,2,202522,1507842607346,4,1,17,1,25,2
16289,1507838634204104,1507838634000,2,326865,1507842637346,4,1,17,1,25,2
2525,1507838639429105,1507838639000,2,233688,1507839153802,4,3,20,1,26,2
2525,1507838639429105,1507838639000,2,183176,1507839183802,4,3,20,1,26,2
22491,1507838640340106,1507838640000,2,327984,1507838737249,4,3,2,1,25,2
22491,1507838640340106,1507838640000,2,159529,1507838767249,4,3,2,1,25,2
88893,1507838643199107,1507838643000,4,285533,1507838797801,4,3,2,1,13,1
88893,1507838643199107,1507838643000,4,156381,1507839575066,4,3,2,1,13,1
88893,1507838643199107,1507838643000,4,42430,1507840007736,4,3,2,1,13,1
88893,1507838643199107,1507838643000,4,48485,1507840037736,4,3,2,1,13,1
19127,1507838643408108,1507838643000,2,194568,1507838657827,4,1,17,1,8,1
19127,1507838643408108,1507838643000,2,235383,1507838687827,4,1,17,1,8,1
290682,1507838646308109,1507838646000,2,348093,1507838688716,4,3,2,1,24,2
290682,1507838646308109,1507838646000,2,183176,1507838718716,4,3,2,1,24,2
290683,1507838646231110,1507838646000,4,183176,1507838689997,4,3,2,1,5,1
290683,1507838646231110,1507838646000,4,66155,1507838871803,4,3,2,1,5,1
290683,1507838646231110,1507838646000,4,66292,1507839136553,4,3,2,1,5,1
290683,1507838646231110,1507838646000,4,65443,1507839166553,4,3,2,1,5,1
151650,1507838647205111,1507838647000,2,159529,1507838684926,4,3,2,11,28,2
151650,1507838647205111,1507838647000,2,348093,1507838714926,4,3,2,11,28,2
133849,1507838649281112,1507838649000,2,233688,1507839039203,4,1,17,1,20,1
133849,1507838649281112,1507838649000,2,348112,1507839069203,4,1,17,1,20,1
252123,1507838650327113,1507838650000,2,336245,1507838729845,4,1,17,1,24,2
252123,1507838650327113,1507838650000,2,47718,1507838759845,4,1,17,1,24,2
42004,1507838652172114,1507838652000,2,96074,1507838716470,4,3,20,3,28,2
42004,1507838652172114,1507838652000,2,159529,1507838746470,4,3,20,3,28,2
74188,1507838655203115,1507838655000,2,157973,1507839018574,4,3,2,1,13,1
74188,1507838655203115,1507838655000,2,9308,1507839048574,4,3,2,1,13,1
60337,1507838656265116,1507838656000,2,348093,1507838805362,4,1,17,1,5,2
60337,1507838656265116,1507838656000,2,233742,1507838835362,4,1,17,1,5,2
97627,1507838657584117,1507838657000,4,111043,1507839609775,4,3,2,1,5,1
97627,1507838657584117,1507838657000,4,9308,1507839891292,4,3,2,1,5,1
97627,1507838657584117,1507838657000,4,233742,1507840107595,4,3,2,1,5,1
97627,1507838657584117,1507838657000,4,29764,1507840137595,4,3,2,1,5,1
48183,1507838660202118,1507838660000,2,96074,1507839068884,2,3,20,1,8,2
48183,1507838660202118,1507838660000,2,215993,1507839098884,2,3,20,1,8,2
237819,1507838660687119,1507838660000,2,159529,1507838813423,4,3,20,10,28,2
237819,1507838660687119,1507838660000,2,336245,1507838843423,4,3,20,10,28,2
290684,1507838661198120,1507838661000,2,348089,1507838829238,4,3,2,1,13,1
290684,1507838661198120,1507838661000,2,348081,1507838859238,4,3,2,1,13,1
122105,1507838665204121,1507838665000,2,284793,1507846271253,4,1,17,1,25,1
122105,1507838665204121,1507838665000,2,160096,1507846301253,4,1,17,1,25,1
290685,1507838665415122,1507838665000,3,233742,1507838767562,4,3,2,1,21,2
290685,1507838665415122,1507838665000,3,336245,1507838885921,4,3,2,1,21,1
290685,1507838665415122,1507838665000,3,234192,1507838915921,4,3,2,1,21,1
290686,1507838668264123,1507838668000,5,96252,1507838963765,4,4,20,1,8,2
290686,1507838668264123,1507838668000,5,194920,1507839101969,4,4,20,1,8,1
290686,1507838668264123,1507838668000,5,285130,1507839362100,4,4,20,1,8,1
290686,1507838668264123,1507838668000,5,9308,1507839566356,4,4,20,1,8,1
290686,1507838668264123,1507838668000,5,96210,1507839596356,4,4,20,1,8,1
124765,1507838670301124,1507838670000,4,297959,1507838720931,4,1,17,1,24,1
124765,1507838670301124,1507838670000,4,69720,1507838765704,4,1,17,1,24,1
124765,1507838670301124,1507838670000,4,300300,1507838796602,4,1,17,1,24,1
124765,1507838670301124,1507838670000,4,299903,1507838826602,4,1,17,1,24,1
290687,1507838670760125,1507838670000,2,159529,1507840860194,4,3,2,1,25,2
290687,1507838670760125,1507838670000,2,20691,1507840890194,4,3,2,1,25,2
290688,1507838672360126,1507838672000,2,96074,1507839290193,4,4,2,1,13,2
290688,1507838672360126,1507838672000,2,183176,1507839320193,4,4,2,1,13,2
40949,1507838672423127,1507838672000,2,156381,1507838689886,4,1,17,1,21,1
40949,1507838672423127,1507838672000,2,233742,1507838719886,4,1,17,1,21,1
114185,1507838673904128,1507838673000,2,235383,1507838700000,4,3,2,1,11,1
114185,1507838673904128,1507838673000,2,233742,1507838730000,4,3,2,1,11,1
1486,1507838674369129,1507838674000,3,111043,1507838960477,2,3,20,5,28,2
1486,1507838674369129,1507838674000,3,233688,1507839374005,2,3,20,5,28,1
1486,1507838674369129,1507838674000,3,159529,1507839404005,2,3,20,5,28,1
12721,1507838674391130,1507838674000,5,96074,1507838709659,4,1,17,1,25,2
12721,1507838674391130,1507838674000,5,159529,1507838713596,4,1,17,1,25,2
12721,1507838674391130,1507838674000,5,336245,1507838731451,4,1,17,1,25,2
12721,1507838674391130,1507838674000,5,20691,1507843317024,4,1,17,1,25,2
12721,1507838674391130,1507838674000,5,233742,1507843347024,4,1,17,1,25,2
290689,1507838676281131,1507838676000,2,336245,1507838788645,4,1,17,1,25,2
290689,1507838676281131,1507838676000,2,215993,1507838818645,4,1,17,1,25,2
290690,1507838679280132,1507838679000,2,156381,1507838720074,4,3,2,1,7,1
290690,1507838679280132,1507838679000,2,50569,1507838750074,4,3,2,1,7,1
97719,1507838682346133,1507838682000,3,183176,1507838968271,4,3,2,1,8,2
97719,1507838682346133,1507838682000,3,336245,1507839121950,4,3,2,1,8,1
97719,1507838682346133,1507838682000,3,9308,1507839151950,4,3,2,1,8,1
11644,1507838683270134,1507838683000,3,96074,1507838754451,4,3,20,1,16,2
11644,1507838683270134,1507838683000,3,159529,1507838955950,4,3,20,1,16,2
11644,1507838683270134,1507838683000,3,336245,1507838985950,4,3,20,1,16,2
110530,1507838687276135,1507838687000,2,336245,1507842165758,4,3,2,1,25,2
110530,1507838687276135,1507838687000,2,9308,1507842195758,4,3,2,1,25,2
212741,1507838690385136,1507838690000,3,336245,1507838889369,4,1,17,1,15,2
212741,1507838690385136,1507838690000,3,184163,1507839060598,4,1,17,1,15,1
212741,1507838690385136,1507838690000,3,181453,1507839090598,4,1,17,1,15,1
290691,1507838691407137,1507838691000,2,111043,1507838909260,4,3,2,1,13,2
290691,1507838691407137,1507838691000,2,233688,1507838939260,4,3,2,1,13,2
290692,1507838691305138,1507838691000,3,42223,1507841171780,4,1,17,1,19,5
290692,1507838691305138,1507838691000,3,260365,1507841178313,4,1,17,1,19,5
290692,1507838691305138,1507838691000,3,42559,1507841208313,4,1,17,1,19,5
255265,1507838693933139,1507838693000,2,20691,1507841456640,4,1,17,1,24,2
255265,1507838693933139,1507838693000,2,111043,1507841486640,4,1,17,1,24,2
50646,1507838693712140,1507838693000,4,183176,1507839040587,4,3,2,1,25,2
50646,1507838693712140,1507838693000,4,336245,1507839177554,4,3,2,1,25,1
50646,1507838693712140,1507838693000,4,96210,1507839358645,4,3,2,1,25,1
50646,1507838693712140,1507838693000,4,9308,1507839388645,4,3,2,1,25,1
258587,1507838693967141,1507838693000,5,233688,1507839965447,4,1,17,1,21,2
258587,1507838693967141,1507838693000,5,215993,1507840106645,4,1,17,1,21,1
258587,1507838693967141,1507838693000,5,9308,1507840383404,4,1,17,1,21,1
258587,1507838693967141,1507838693000,5,10127,1507840440016,4,1,17,1,21,1
258587,1507838693967141,1507838693000,5,283506,1507840470016,4,1,17,1,21,1
34834,1507838697107142,1507838697000,2,348093,1507838857692,4,3,2,1,21,2
34834,1507838697107142,1507838697000,2,96074,1507838887692,4,3,2,1,21,2
2927,1507838705117143,1507838705000,2,348093,1507838799336,4,3,2,1,13,2
2927,1507838705117143,1507838705000,2,160096,1507838829336,4,3,2,1,13,2
49710,1507838706393144,1507838706000,3,348093,1507838733021,4,3,20,1,7,2
49710,1507838706393144,1507838706000,3,233742,1507838895424,4,3,20,1,7,2
49710,1507838706393144,1507838706000,3,336245,1507838925424,4,3,20,1,7,2
136328,1507838707872145,1507838707000,2,42430,1507838753002,4,1,17,1,13,1
136328,1507838707872145,1507838707000,2,42158,1507838783002,4,1,17,1,13,1
290693,1507838710394146,1507838710000,2,96074,1507839989084,4,1,17,1,21,2
290693,1507838710394146,1507838710000,2,233742,1507840019084,4,1,17,1,21,2
113590,1507838714322147,1507838714000,3,233742,1507839782232,4,1,17,1,24,2
113590,1507838714322147,1507838714000,3,96210,1507839905213,4,1,17,1,24,1
113590,1507838714322147,1507838714000,3,327984,1507839935213,4,1,17,1,24,1
290694,1507838720393148,1507838720000,2,183176,1507838886271,4,3,2,1,7,2
290694,1507838720393148,1507838720000,2,336245,1507838916271,4,3,2,1,7,2
21837,1507838720358149,1507838720000,2,31187,1507838837443,4,3,2,1,5,1
21837,1507838720358149,1507838720000,2,111043,1507838867443,4,3,2,1,5,1
113421,1507838721196150,1507838721000,2,159529,1507838794080,4,3,2,1,13,2
113421,1507838721196150,1507838721000,2,111043,1507838824080,4,3,2,1,13,2
164454,1507838726399151,1507838726000,2,304040,1507838737753,4,3,2,1,26,1
164454,1507838726399151,1507838726000,2,304137,1507838767753,4,3,2,1,26,1
230375,1507838726392152,1507838726000,4,156381,1507838802716,4,3,2,1,8,1
230375,1507838726392152,1507838726000,4,69593,1507839009008,4,3,2,1,8,1
230375,1507838726392152,1507838726000,4,162572,1507839086320,4,3,2,1,8,1
230375,1507838726392152,1507838726000,4,234006,1507839116320,4,3,2,1,8,1
136493,1507838727192153,1507838727000,2,348093,1507838760938,4,3,20,10,28,2
136493,1507838727192153,1507838727000,2,336245,1507838790938,4,3,20,10,28,2
26279,1507838727948154,1507838727000,3,348093,1507838771620,4,3,2,1,9,2
26279,1507838727948154,1507838727000,3,96074,1507839063919,4,3,2,1,9,2
26279,1507838727948154,1507838727000,3,336245,1507839093919,4,3,2,1,9,2
16732,1507838727103155,1507838727000,2,283192,1507838864126,4,1,17,1,21,1
16732,1507838727103155,1507838727000,2,288440,1507838894126,4,1,17,1,21,1
99643,1507838729280156,1507838729000,2,159529,1507838794680,4,1,17,9,28,2
99643,1507838729280156,1507838729000,2,183176,1507838824680,4,1,17,9,28,2
269184,1507838732422157,1507838732000,2,336245,1507838785707,4,3,2,1,16,2
269184,1507838732422157,1507838732000,2,233688,1507838815707,4,3,2,1,16,2
290695,1507838733154158,1507838733000,3,336245,1507838861953,4,1,12,1,25,2
290695,1507838733154158,1507838733000,3,183176,1507839088094,4,1,12,1,25,2
290695,1507838733154158,1507838733000,3,159529,1507839118094,4,1,12,1,25,2
156177,1507838734120159,1507838734000,2,321078,1507839064900,4,1,17,1,25,1
156177,1507838734120159,1507838734000,2,353673,1507839094900,4,1,17,1,25,1
118529,1507838735155160,1507838735000,3,159529,1507838766866,4,3,2,1,2,2
118529,1507838735155160,1507838735000,3,96074,1507838780569,4,3,2,1,2,2
118529,1507838735155160,1507838735000,3,336262,1507838810569,4,3,2,1,2,2
189010,1507838735283161,1507838735000,2,50569,1507838786753,4,1,12,1,17,1
189010,1507838735283161,1507838735000,2,336245,1507838816753,4,1,12,1,17,1
18895,1507838737146162,1507838737000,4,285533,1507839552944,4,1,17,1,8,1
18895,1507838737146162,1507838737000,4,50569,1507839779829,4,1,17,1,8,1
18895,1507838737146162,1507838737000,4,42430,1507840211030,4,1,17,1,8,1
18895,1507838737146162,1507838737000,4,156691,1507840241030,4,1,17,1,8,1
5076,1507838738217163,1507838738000,3,156381,1507838774385,4,1,17,1,13,1
5076,1507838738217163,1507838738000,3,158094,1507839055844,4,1,17,1,13,1
5076,1507838738217163,1507838738000,3,285533,1507839085844,4,1,17,1,13,1
52645,1507838740265164,1507838740000,2,336245,1507839301227,4,1,17,1,12,2
52645,1507838740265164,1507838740000,2,111043,1507839331227,4,1,17,1,12,2
68620,1507838741347165,1507838741000,3,348093,1507839463133,4,1,17,1,25,2
68620,1507838741347165,1507838741000,3,233742,1507839593944,4,1,17,1,25,2
68620,1507838741347165,1507838741000,3,20691,1507839623944,4,1,17,1,25,2
73179,1507838743356166,1507838743000,2,159529,1507839379368,4,3,20,10,28,2
73179,1507838743356166,1507838743000,2,336245,1507839409368,4,3,20,10,28,2
290696,1507838743215167,1507838743000,2,157973,1507839190438,4,1,17,1,17,1
290696,1507838743215167,1507838743000,2,84914,1507839220438,4,1,17,1,17,1
290697,1507838745793168,1507838745000,2,183176,1507839004057,4,1,17,1,24,2
290697,1507838745793168,1507838745000,2,336245,1507839034057,4,1,17,1,24,2
31634,1507838745128169,1507838745000,3,159529,1507839031679,4,1,12,1,6,2
31634,1507838745128169,1507838745000,3,183176,1507839395845,4,1,12,1,6,2
31634,1507838745128169,1507838745000,3,336245,1507839425845,4,1,12,1,6,2
251250,1507838750858170,1507838750000,3,336245,1507838847059,4,4,20,5,28,2
251250,1507838750858170,1507838750000,3,9308,1507838878117,4,4,20,5,28,1
251250,1507838750858170,1507838750000,3,20691,1507838908117,4,4,20,5,28,1
280162,1507838750404171,1507838750000,2,156381,1507838776335,4,1,17,11,28,1
280162,1507838750404171,1507838750000,2,158094,1507838806335,4,1,17,11,28,1
151695,1507838752230172,1507838752000,5,123306,1507838880485,4,1,17,1,13,1
151695,1507838752230172,1507838752000,5,336245,1507839095426,4,1,17,1,13,1
151695,1507838752230172,1507838752000,5,145636,1507839142911,4,1,17,1,13,1
151695,1507838752230172,1507838752000,5,353025,1507839343923,4,1,17,1,13,1
151695,1507838752230172,1507838752000,5,84914,1507839373923,4,1,17,1,13,1
149424,1507838756149173,1507838756000,3,111043,1507839214816,4,3,2,1,25,2
149424,1507838756149173,1507838756000,3,336245,1507839420583,4,3,2,1,25,1
149424,1507838756149173,1507838756000,3,285130,1507839450583,4,3,2,1,25,1
290698,1507838758207174,1507838758000,2,349278,1507839568497,4,3,2,1,13,5
290698,1507838758207174,1507838758000,2,100924,1507839598497,4,3,2,1,13,5
35631,1507838759404175,1507838759000,10,285533,1507838858668,4,3,2,1,9,1
35631,1507838759404175,1507838759000,10,96210,1507838952744,4,3,2,1,9,1
35631,1507838759404175,1507838759000,10,96103,1507839096857,4,3,2,1,9,1
35631,1507838759404175,1507838759000,10,95712,1507841938733,4,3,2,1,9,1
35631,1507838759404175,1507838759000,10,9308,1507841989045,4,3,2,1,9,1
35631,1507838759404175,1507838759000,10,283192,1507842160849,4,3,2,1,9,1
35631,1507838759404175,1507838759000,10,336245,1507842381289,4,3,2,1,9,1
35631,1507838759404175,1507838759000,10,288440,1507842489630,4,3,2,1,9,1
35631,1507838759404175,1507838759000,10,160096,1507842628019,4,3,2,1,9,1
35631,1507838759404175,1507838759000,10,256459,1507842658019,4,3,2,1,9,1
87706,1507838759321176,1507838759000,2,20691,1507845585543,4,1,17,1,25,2
87706,1507838759321176,1507838759000,2,96210,1507845615543,4,1,17,1,25,2
290699,1507838762126177,1507838762000,2,336245,1507838809492,4,3,2,1,25,2
290699,1507838762126177,1507838762000,2,233742,1507838839492,4,3,2,1,25,2
30906,1507838766290178,1507838766000,2,348093,1507838834995,4,3,2,1,25,2
30906,1507838766290178,1507838766000,2,159529,1507838864995,4,3,2,1,25,2
104322,1507838769660179,1507838769000,2,233742,1507840060177,4,1,17,1,25,2
104322,1507838769660179,1507838769000,2,96074,1507840090177,4,1,17,1,25,2
277243,1507838771499180,1507838771000,2,50569,1507838771484,4,1,17,1,25,5
277243,1507838771499180,1507838771000,2,283162,1507838801484,4,1,17,1,25,5
38662,1507838771500181,1507838771000,2,283192,1507838801151,4,1,17,1,5,1
38662,1507838771500181,1507838771000,2,29036,1507838831151,4,1,17,1,5,1
290700,1507838771428182,1507838771000,2,205873,1507841104465,4,3,2,1,24,1
290700,1507838771428182,1507838771000,2,298835,1507841134465,4,3,2,1,24,1
202971,1507838773322183,1507838773000,2,336245,1507838809602,4,1,17,1,25,2
202971,1507838773322183,1507838773000,2,96586,1507838839602,4,1,17,1,25,2
8332,1507838777207184,1507838777000,5,233742,1507839195013,4,4,20,1,17,2
8332,1507838777207184,1507838777000,5,336245,1507839304279,4,4,20,1,17,1
8332,1507838777207184,1507838777000,5,9308,1507839391689,4,4,20,1,17,1
8332,1507838777207184,1507838777000,5,348112,1507839455692,4,4,20,1,17,1
8332,1507838777207184,1507838777000,5,4533,1507839485692,4,4,20,1,17,1
21404,1507838777216185,1507838777000,9,30957,1507838799207,4,3,2,1,5,1
21404,1507838777216185,1507838777000,9,233688,1507839217981,4,3,2,1,5,1
21404,1507838777216185,1507838777000,9,32755,1507839328997,4,3,2,1,5,1
21404,1507838777216185,1507838777000,9,31808,1507839420367,4,3,2,1,5,1
21404,1507838777216185,1507838777000,9,32442,1507839717775,4,3,2,1,5,1
21404,1507838777216185,1507838777000,9,32451,1507839878024,4,3,2,1,5,1
21404,1507838777216185,1507838777000,9,74722,1507840201600,4,3,2,1,5,4
21404,1507838777216185,1507838777000,9,42430,1507840375628,4,3,2,1,5,1
21404,1507838777216185,1507838777000,9,31940,1507840405628,4,3,2,1,5,1
180606,1507838778159186,1507838778000,2,348093,1507838819185,4,3,2,1,13,2
180606,1507838778159186,1507838778000,2,183176,1507838849185,4,3,2,1,13,2
15100,1507838778160187,1507838778000,2,336245,1507839017996,4,1,17,1,21,2
15100,1507838778160187,1507838778000,2,233742,1507839047996,4,1,17,1,21,2
234457,1507838778127188,1507838778000,5,20691,1507843395765,4,1,17,1,13,2
234457,1507838778127188,1507838778000,5,336245,1507843475552,4,1,17,1,13,7
234457,1507838778127188,1507838778000,5,96210,1507843600671,4,1,17,1,13,7
234457,1507838778127188,1507838778000,5,160096,1507843711025,4,1,17,1,13,7
234457,1507838778127188,1507838778000,5,288440,1507843741025,4,1,17,1,13,7
16443,1507838782205189,1507838782000,2,159529,1507838828672,4,1,17,1,11,2
16443,1507838782205189,1507838782000,2,233742,1507838858672,4,1,17,1,11,2
283782,1507838782321190,1507838782000,4,336245,1507839415978,4,1,17,1,24,2
283782,1507838782321190,1507838782000,4,159529,1507839610374,4,1,17,1,24,2
283782,1507838782321190,1507838782000,4,96074,1507839702406,4,1,17,1,24,2
283782,1507838782321190,1507838782000,4,142519,1507839732406,4,1,17,1,24,2
27743,1507838783189191,1507838783000,4,159529,1507840329285,4,1,17,1,17,2
27743,1507838783189191,1507838783000,4,288440,1507843527637,4,1,17,1,17,2
27743,1507838783189191,1507838783000,4,20691,1507843824445,4,1,17,1,17,2
27743,1507838783189191,1507838783000,4,205873,1507843854445,4,1,17,1,17,2
17478,1507838784370192,1507838784000,2,348093,1507838838496,4,3,20,1,21,2
17478,1507838784370192,1507838784000,2,183176,1507838868496,4,3,20,1,21,2
228054,1507838786129193,1507838786000,2,159529,1507838858321,4,3,2,1,21,2
228054,1507838786129193,1507838786000,2,233742,1507838888321,4,3,2,1,21,2
290701,1507838789282194,1507838789000,2,20691,1507841026795,4,1,17,1,25,2
290701,1507838789282194,1507838789000,2,336245,1507841056795,4,1,17,1,25,2
30751,1507838789118195,1507838789000,2,159529,1507839475945,4,1,17,1,20,2
30751,1507838789118195,1507838789000,2,20691,1507839505945,4,1,17,1,20,2
3576,1507838794424196,1507838794000,5,288440,1507843658454,4,1,17,1,13,2
3576,1507838794424196,1507838794000,5,9308,1507843866229,4,1,17,1,13,1
3576,1507838794424196,1507838794000,5,141239,1507844047895,4,1,17,1,13,1
3576,1507838794424196,1507838794000,5,233688,1507844233805,4,1,17,1,13,1
3576,1507838794424196,1507838794000,5,84618,1507844263805,4,1,17,1,13,1
233741,1507838795413197,1507838795000,3,236512,1507839837732,4,3,20,1,25,1
233741,1507838795413197,1507838795000,3,236428,1507839983992,4,3,20,1,25,1
233741,1507838795413197,1507838795000,3,162572,1507840013992,4,3,20,1,25,1
15365,1507838798399198,1507838798000,5,348093,1507840216728,4,3,20,2,28,2
15365,1507838798399198,1507838798000,5,215993,1507840871573,4,3,20,2,28,1
15365,1507838798399198,1507838798000,5,224702,1507841225584,4,3,20,2,28,1
15365,1507838798399198,1507838798000,5,321406,1507841416099,4,3,20,2,28,1
15365,1507838798399198,1507838798000,5,244991,1507841446099,4,3,20,2,28,1
148359,1507838799273199,1507838799000,2,65883,1507841584460,4,3,2,1,4,5
148359,1507838799273199,1507838799000,2,65882,1507841614460,4,3,2,1,4,5
30066,1507838800239200,1507838800000,5,270675,1507838961455,4,1,17,1,20,1
30066,1507838800239200,1507838800000,5,214084,1507839322833,4,1,17,1,20,1
30066,1507838800239200,1507838800000,5,156381,1507839716323,4,1,17,1,20,1
30066,1507838800239200,1507838800000,5,50569,1507840058205,4,1,17,1,20,1
30066,1507838800239200,1507838800000,5,214455,1507840088205,4,1,17,1,20,1
222248,1507838801139201,1507838801000,2,74722,1507838919603,4,1,12,1,16,4
222248,1507838801139201,1507838801000,2,348093,1507838949603,4,1,12,1,16,4
184470,1507838801614202,1507838801000,2,348093,1507838830281,4,3,2,1,6,2
184470,1507838801614202,1507838801000,2,348112,1507838860281,4,3,2,1,6,2
93037,1507838803872203,1507838803000,2,348093,1507838832700,2,3,20,10,28,2
93037,1507838803872203,1507838803000,2,159529,1507838862700,2,3,20,10,28,2
258986,1507838810229204,1507838810000,3,348093,1507838945078,4,3,2,1,8,2
258986,1507838810229204,1507838810000,3,96074,1507840254981,4,3,2,1,8,2
258986,1507838810229204,1507838810000,3,9308,1507840284981,4,3,2,1,8,2
144074,1507838811192205,1507838811000,2,348093,1507838871978,4,1,17,6,28,2
144074,1507838811192205,1507838811000,2,183176,1507838901978,4,1,17,6,28,2
97446,1507838812479206,1507838812000,2,348093,1507838856987,4,3,2,1,22,2
97446,1507838812479206,1507838812000,2,159529,1507838886987,4,3,2,1,22,2
102653,1507838812148207,1507838812000,2,285533,1507838900783,4,1,17,1,20,1
102653,1507838812148207,1507838812000,2,157973,1507838930783,4,1,17,1,20,1
27263,1507838813365208,1507838813000,2,348093,1507838836102,4,1,17,1,25,2
27263,1507838813365208,1507838813000,2,336245,1507838866102,4,1,17,1,25,2
100303,1507838814164209,1507838814000,2,336245,1507840153695,4,3,20,1,24,2
100303,1507838814164209,1507838814000,2,9308,1507840183695,4,3,20,1,24,2
11686,1507838816420210,1507838816000,2,96074,1507838860830,2,4,2,1,10,2
11686,1507838816420210,1507838816000,2,233742,1507838890830,2,4,2,1,10,2
48324,1507838818124211,1507838818000,2,348093,1507839034794,4,3,20,1,25,2
48324,1507838818124211,1507838818000,2,336245,1507839064794,4,3,20,1,25,2
290702,1507838821177212,1507838821000,3,159529,1507838851232,4,3,20,10,28,2
290702,1507838821177212,1507838821000,3,96210,1507839088382,4,3,20,10,28,1
290702,1507838821177212,1507838821000,3,160096,1507839118382,4,3,20,10,28,1
256813,1507838821340213,1507838821000,2,30374,1507838913426,4,1,17,1,5,5
256813,1507838821340213,1507838821000,2,31808,1507838943426,4,1,17,1,5,5
61280,1507838821184214,1507838821000,2,348093,1507838840682,4,1,17,1,16,2
61280,1507838821184214,1507838821000,2,183176,1507838870682,4,1,17,1,16,2
290126,1507838822128215,1507838822000,2,285794,1507838827869,4,1,17,1,25,5
290126,1507838822128215,1507838822000,2,283215,1507838857869,4,1,17,1,25,5
654,1507838829131216,1507838829000,4,211394,1507838926224,4,1,17,1,16,1
654,1507838829131216,1507838829000,4,96210,1507839012833,4,1,17,1,16,1
654,1507838829131216,1507838829000,4,161873,1507839129585,4,1,17,1,16,1
654,1507838829131216,1507838829000,4,159529,1507839159585,4,1,17,1,16,1
255242,1507838833227217,1507838833000,2,233688,1507839784864,4,3,2,1,13,2
255242,1507838833227217,1507838833000,2,256459,1507839814864,4,3,2,1,13,2
256745,1507838836353218,1507838836000,3,336245,1507839429436,4,3,2,1,9,2
256745,1507838836353218,1507838836000,3,159529,1507839920894,4,3,2,1,9,2
256745,1507838836353218,1507838836000,3,348093,1507839950894,4,3,2,1,9,2
2726,1507838841306219,1507838841000,3,159529,1507839000170,4,1,17,1,17,2
2726,1507838841306219,1507838841000,3,233688,1507839333741,4,1,17,1,17,2
2726,1507838841306219,1507838841000,3,183176,1507839363741,4,1,17,1,17,2
290703,1507838847214220,1507838847000,2,336245,1507840987509,4,1,17,1,25,2
290703,1507838847214220,1507838847000,2,20691,1507841017509,4,1,17,1,25,2
23970,1507838849201221,1507838849000,5,159529,1507838917054,2,3,20,1,25,2
23970,1507838849201221,1507838849000,5,96210,1507839173860,2,3,20,1,25,1
23970,1507838849201221,1507838849000,5,160096,1507839337923,2,3,20,1,25,1
23970,1507838849201221,1507838849000,5,9308,1507839450025,2,3,20,1,25,1
23970,1507838849201221,1507838849000,5,9649,1507839480025,2,3,20,1,25,1
207685,1507838849252222,1507838849000,3,336245,1507838940131,4,1,17,1,24,2
207685,1507838849252222,1507838849000,3,96210,1507839231862,4,1,17,1,24,1
207685,1507838849252222,1507838849000,3,20691,1507839261862,4,1,17,1,24,1
145347,1507838852421223,1507838852000,3,336245,1507841116546,4,3,2,1,7,2
145347,1507838852421223,1507838852000,3,9308,1507841286464,4,3,2,1,7,1
145347,1507838852421223,1507838852000,3,348093,1507841316464,4,3,2,1,7,1
55586,1507838852659224,1507838852000,6,31805,1507843145416,4,1,17,1,25,1
55586,1507838852659224,1507838852000,6,284584,1507843156215,4,1,17,1,25,1
55586,1507838852659224,1507838852000,6,183176,1507843160321,4,1,17,1,25,1
55586,1507838852659224,1507838852000,6,283192,1507843172206,4,1,17,1,25,1
55586,1507838852659224,1507838852000,6,50569,1507843192397,4,1,17,1,25,1
55586,1507838852659224,1507838852000,6,283116,1507843222397,4,1,17,1,25,1
77138,1507838856129225,1507838856000,3,183176,1507839196135,4,3,2,1,25,2
77138,1507838856129225,1507838856000,3,215993,1507839421960,4,3,2,1,25,1
77138,1507838856129225,1507838856000,3,111043,1507839451960,4,3,2,1,25,1
207812,1507838857356226,1507838857000,3,96074,1507838891048,4,3,20,1,25,2
207812,1507838857356226,1507838857000,3,159529,1507838935125,4,3,20,1,25,2
207812,1507838857356226,1507838857000,3,336245,1507838965125,4,3,20,1,25,2
290704,1507838858239227,1507838858000,2,288440,1507845575208,4,1,17,1,21,2
290704,1507838858239227,1507838858000,2,336245,1507845605208,4,1,17,1,21,2
164422,1507838862251228,1507838862000,4,254567,1507839099748,4,1,17,1,19,1
164422,1507838862251228,1507838862000,4,9308,1507839241426,4,1,17,1,19,1
164422,1507838862251228,1507838862000,4,233742,1507839498244,4,1,17,1,19,1
164422,1507838862251228,1507838862000,4,254961,1507839528244,4,1,17,1,19,1
290705,1507838863277229,1507838863000,3,348093,1507838879606,4,3,20,1,25,2
290705,1507838863277229,1507838863000,3,348112,1507838959248,4,3,20,1,25,1
290705,1507838863277229,1507838863000,3,136474,1507838989248,4,3,20,1,25,1
140830,1507838864194230,1507838864000,6,336245,1507839028469,4,1,17,1,25,2
140830,1507838864194230,1507838864000,6,314196,1507841396538,4,1,17,1,25,1
140830,1507838864194230,1507838864000,6,313750,1507842491911,4,1,17,1,25,1
140830,1507838864194230,1507838864000,6,312702,1507842526456,4,1,17,1,25,1
140830,1507838864194230,1507838864000,6,96210,1507842615585,4,1,17,1,25,1
140830,1507838864194230,1507838864000,6,307061,1507842645585,4,1,17,1,25,1
33023,1507838864725231,1507838864000,2,355163,1507838928427,4,3,20,1,20,1
33023,1507838864725231,1507838864000,2,283192,1507838958427,4,3,20,1,20,1
222565,1507838871158232,1507838871000,2,30957,1507838892425,4,3,2,1,13,1
222565,1507838871158232,1507838871000,2,32444,1507838922425,4,3,2,1,13,1
252440,1507838873300233,1507838873000,2,336245,1507845726753,4,1,17,10,28,2
252440,1507838873300233,1507838873000,2,233742,1507845756753,4,1,17,10,28,2
290706,1507838875439234,1507838875000,2,210648,1507838958998,4,1,17,1,25,5
290706,1507838875439234,1507838875000,2,210684,1507838988998,4,1,17,1,25,5
143724,1507838878339235,1507838878000,2,348093,1507839098401,4,1,17,1,13,2
143724,1507838878339235,1507838878000,2,233688,1507839128401,4,1,17,1,13,2
290707,1507838880483236,1507838880000,2,348093,1507838938687,4,1,17,1,13,2
290707,1507838880483236,1507838880000,2,348112,1507838968687,4,1,17,1,13,2
53686,1507838884402237,1507838884000,2,183176,1507838945160,4,1,17,1,25,1
53686,1507838884402237,1507838884000,2,205873,1507838975160,4,1,17,1,25,1
169327,1507838885582238,1507838885000,2,183176,1507839358954,4,3,2,1,21,2
169327,1507838885582238,1507838885000,2,336245,1507839388954,4,3,2,1,21,2
100965,1507838886104239,1507838886000,2,42430,1507840112911,4,1,17,1,13,1
100965,1507838886104239,1507838886000,2,336245,1507840142911,4,1,17,1,13,1
24146,1507838888851240,1507838888000,2,96074,1507839498305,4,1,17,1,16,2
24146,1507838888851240,1507838888000,2,348093,1507839528305,4,1,17,1,16,2
15545,1507838892254241,1507838892000,22,162572,1507838918218,4,1,17,1,25,1
15545,1507838892254241,1507838892000,22,194568,1507839221933,4,1,17,1,25,1
15545,1507838892254241,1507838892000,22,111043,1507839356968,4,1,17,1,25,1
15545,1507838892254241,1507838892000,22,128260,1507839725645,4,1,17,1,25,1
15545,1507838892254241,1507838892000,22,348112,1507839799930,4,1,17,1,25,1
15545,1507838892254241,1507838892000,22,283192,1507840235600,4,1,17,1,25,1
15545,1507838892254241,1507838892000,22,75843,1507840562890,4,1,17,1,25,1
15545,1507838892254241,1507838892000,22,352265,1507840873910,4,1,17,1,25,1
15545,1507838892254241,1507838892000,22,48485,1507841012116,4,1,17,1,25,1
15545,1507838892254241,1507838892000,22,157600,1507841259137,4,1,17,1,25,1
15545,1507838892254241,1507838892000,22,235396,1507841508011,4,1,17,1,25,1
15545,1507838892254241,1507838892000,22,285744,1507841641511,4,1,17,1,25,1
15545,1507838892254241,1507838892000,22,341134,1507841736776,4,1,17,1,25,1
15545,1507838892254241,1507838892000,22,292424,1507841908436,4,1,17,1,25,1
15545,1507838892254241,1507838892000,22,327984,1507842191062,4,1,17,1,25,1
15545,1507838892254241,1507838892000,22,327535,1507842594798,4,1,17,1,25,1
15545,1507838892254241,1507838892000,22,327599,1507842680937,4,1,17,1,25,1
15545,1507838892254241,1507838892000,22,327118,1507842750139,4,1,17,1,25,1
15545,1507838892254241,1507838892000,22,327643,1507843105589,4,1,17,1,25,1
15545,1507838892254241,1507838892000,22,288251,1507843198209,4,1,17,1,25,1
15545,1507838892254241,1507838892000,22,289034,1507843268305,4,1,17,1,25,1
15545,1507838892254241,1507838892000,22,31805,1507843298305,4,1,17,1,25,1
290708,1507838894681242,1507838894000,2,183176,1507838910398,4,3,19,1,7,7
290708,1507838894681242,1507838894000,2,128260,1507838940398,4,3,19,1,7,7
102334,1507838895129243,1507838895000,2,205873,1507847764482,4,1,17,1,21,2
102334,1507838895129243,1507838895000,2,336245,1507847794482,4,1,17,1,21,2
67556,1507838899271244,1507838899000,2,114548,1507838899250,4,1,17,1,24,5
67556,1507838899271244,1507838899000,2,300493,1507838929250,4,1,17,1,24,5
138674,1507838905202245,1507838905000,2,272544,1507838981162,4,1,17,1,20,1
138674,1507838905202245,1507838905000,2,14200,1507839011162,4,1,17,1,20,1
290709,1507838907105246,1507838907000,4,327280,1507838956904,4,3,2,1,16,1
290709,1507838907105246,1507838907000,4,327118,1507838997227,4,3,2,1,16,1
290709,1507838907105246,1507838907000,4,327095,1507839120990,4,3,2,1,16,1
290709,1507838907105246,1507838907000,4,288251,1507839150990,4,3,2,1,16,1
25758,1507838909265247,1507838909000,4,96074,1507838999080,4,3,2,1,13,2
25758,1507838909265247,1507838909000,4,233742,1507839406731,4,3,2,1,13,2
25758,1507838909265247,1507838909000,4,233688,1507840111333,4,3,2,1,13,1
25758,1507838909265247,1507838909000,4,9308,1507840141333,4,3,2,1,13,1
22935,1507838912102248,1507838912000,4,233688,1507839462630,4,3,2,1,4,2
22935,1507838912102248,1507838912000,4,9308,1507839721675,4,3,2,1,4,1
22935,1507838912102248,1507838912000,4,96210,1507840179997,4,3,2,1,4,1
22935,1507838912102248,1507838912000,4,215993,1507840209997,4,3,2,1,4,1
10977,1507838913283249,1507838913000,4,96074,1507839151348,4,4,20,1,7,2
10977,1507838913283249,1507838913000,4,283192,1507839678619,4,4,20,1,7,1
10977,1507838913283249,1507838913000,4,159529,1507841444092,4,4,20,1,7,2
10977,1507838913283249,1507838913000,4,336245,1507841474092,4,4,20,1,7,2
181710,1507838913538250,1507838913000,3,96074,1507839138639,4,3,20,1,11,2
181710,1507838913538250,1507838913000,3,336245,1507839206136,4,3,20,1,11,2
181710,1507838913538250,1507838913000,3,111043,1507839236136,4,3,20,1,11,2
12435,1507838915168251,1507838915000,3,348093,1507838995669,4,3,20,1,25,2
12435,1507838915168251,1507838915000,3,96074,1507839058922,4,3,20,1,25,2
12435,1507838915168251,1507838915000,3,111043,1507839088922,4,3,20,1,25,2
290710,1507838926146252,1507838926000,2,78367,1507839028009,4,3,2,1,25,4
290710,1507838926146252,1507838926000,2,336245,1507839058009,4,3,2,1,25,4
290711,1507838928282253,1507838928000,2,348109,1507838986861,4,1,17,1,25,2
290711,1507838928282253,1507838928000,2,312457,1507839016861,4,1,17,1,25,2
91840,1507838929241254,1507838929000,2,233742,1507839605823,4,1,17,1,13,2
91840,1507838929241254,1507838929000,2,348093,1507839635823,4,1,17,1,13,2
212737,1507838932285255,1507838932000,2,20691,1507847370447,4,3,2,1,7,2
212737,1507838932285255,1507838932000,2,96210,1507847400447,4,3,2,1,7,2
241814,1507838933258256,1507838933000,2,96074,1507838968833,2,3,20,1,8,2
241814,1507838933258256,1507838933000,2,183176,1507838998833,2,3,20,1,8,2
290712,1507838934331257,1507838934000,2,233688,1507839704150,4,3,20,1,6,2
290712,1507838934331257,1507838934000,2,183176,1507839734150,4,3,20,1,6,2
255038,1507838934375258,1507838934000,2,96074,1507840663711,4,3,2,1,20,2
255038,1507838934375258,1507838934000,2,159529,1507840693711,4,3,2,1,20,2
290713,1507838938174259,1507838938000,3,159529,1507838996790,2,3,20,1,25,2
290713,1507838938174259,1507838938000,3,183176,1507839215038,2,3,20,1,25,2
290713,1507838938174259,1507838938000,3,111043,1507839245038,2,3,20,1,25,2
290714,1507838939136260,1507838939000,2,348093,1507838961717,4,1,17,1,24,2
290714,1507838939136260,1507838939000,2,348112,1507838991717,4,1,17,1,24,2
132324,1507838940247261,1507838940000,8,156381,1507838949573,4,1,17,1,25,1
132324,1507838940247261,1507838940000,8,205873,1507838974002,4,1,17,1,25,1
132324,1507838940247261,1507838940000,8,50569,1507839039709,4,1,17,1,25,1
132324,1507838940247261,1507838940000,8,75843,1507839048951,4,1,17,1,25,1
132324,1507838940247261,1507838940000,8,166040,1507840867645,4,1,17,1,25,1
132324,1507838940247261,1507838940000,8,158094,1507840916324,4,1,17,1,25,1
132324,1507838940247261,1507838940000,8,355167,1507840947159,4,1,17,1,25,1
132324,1507838940247261,1507838940000,8,336245,1507840977159,4,1,17,1,25,1
71645,1507838940176262,1507838940000,2,348140,1507839058598,4,3,2,1,19,1
71645,1507838940176262,1507838940000,2,348089,1507839088598,4,3,2,1,19,1
48835,1507838940364263,1507838940000,3,96074,1507839476188,4,1,17,1,16,2
48835,1507838940364263,1507838940000,3,233742,1507839488345,4,1,17,1,16,2
48835,1507838940364263,1507838940000,3,336245,1507839518345,4,1,17,1,16,2
2489,1507838943407264,1507838943000,7,285130,1507838943694,4,3,2,8,28,5
2489,1507838943407264,1507838943000,7,336245,1507839041085,4,3,2,8,28,5
2489,1507838943407264,1507838943000,7,50569,1507840232229,4,3,2,8,28,1
2489,1507838943407264,1507838943000,7,96210,1507840604329,4,3,2,8,28,1
2489,1507838943407264,1507838943000,7,9308,1507840761082,4,3,2,8,28,1
2489,1507838943407264,1507838943000,7,348112,1507840992100,4,3,2,8,28,1
2489,1507838943407264,1507838943000,7,214455,1507841022100,4,3,2,8,28,1
290715,1507838943344265,1507838943000,2,224824,1507838943699,4,3,20,1,16,7
290715,1507838943344265,1507838943000,2,74705,1507838973699,4,3,20,1,16,7
281476,1507838944394266,1507838944000,2,235383,1507839023871,2,4,2,1,21,1
281476,1507838944394266,1507838944000,2,156381,1507839053871,2,4,2,1,21,1
290716,1507838944782267,1507838944000,6,353672,1507839137278,4,3,2,1,4,5
290716,1507838944782267,1507838944000,6,15653,1507839825659,4,3,2,1,4,1
290716,1507838944782267,1507838944000,6,16893,1507840033826,4,3,2,1,4,1
290716,1507838944782267,1507838944000,6,14200,1507840134782,4,3,2,1,4,1
290716,1507838944782267,1507838944000,6,288440,1507840312516,4,3,2,1,4,1
290716,1507838944782267,1507838944000,6,9308,1507840342516,4,3,2,1,4,1
24352,1507838945865268,1507838945000,2,96074,1507839071188,4,1,17,1,16,2
24352,1507838945865268,1507838945000,2,288440,1507839101188,4,1,17,1,16,2
3230,1507838945584269,1507838945000,3,336245,1507839179250,4,1,17,5,28,2
3230,1507838945584269,1507838945000,3,215993,1507839403051,4,1,17,5,28,1
3230,1507838945584269,1507838945000,3,88911,1507839433051,4,1,17,5,28,1
220529,1507838946125270,1507838946000,2,233688,1507839107785,4,3,2,1,21,2
220529,1507838946125270,1507838946000,2,111043,1507839137785,4,3,2,1,21,2
290717,1507838949190271,1507838949000,2,48485,1507839096364,4,1,17,1,6,1
290717,1507838949190271,1507838949000,2,156381,1507839126364,4,1,17,1,6,1
10060,1507838954422272,1507838954000,2,156381,1507838983556,4,3,2,1,25,1
10060,1507838954422272,1507838954000,2,283192,1507839013556,4,3,2,1,25,1
79540,1507838954389273,1507838954000,2,355163,1507839068181,4,1,17,1,21,1
79540,1507838954389273,1507838954000,2,336245,1507839098181,4,1,17,1,21,1
112680,1507838956326274,1507838956000,14,128312,1507839000762,4,3,2,1,13,1
112680,1507838956326274,1507838956000,14,159529,1507839156509,4,3,2,1,13,2
112680,1507838956326274,1507838956000,14,336245,1507839284897,4,3,2,1,13,1
112680,1507838956326274,1507838956000,14,9308,1507839439700,4,3,2,1,13,1
112680,1507838956326274,1507838956000,14,10127,1507839692789,4,3,2,1,13,1
112680,1507838956326274,1507838956000,14,7759,1507840074774,4,3,2,1,13,1
112680,1507838956326274,1507838956000,14,8030,1507840335376,4,3,2,1,13,1
112680,1507838956326274,1507838956000,14,5852,1507840931026,4,3,2,1,13,1
112680,1507838956326274,1507838956000,14,9649,1507841196601,4,3,2,1,13,1
112680,1507838956326274,1507838956000,14,10253,1507841338020,4,3,2,1,13,1
112680,1507838956326274,1507838956000,14,8839,1507841511957,4,3,2,1,13,1
112680,1507838956326274,1507838956000,14,283505,1507841648012,4,3,2,1,13,1
112680,1507838956326274,1507838956000,14,31805,1507841812130,4,3,2,1,13,1
112680,1507838956326274,1507838956000,14,20691,1507841842130,4,3,2,1,13,1
290718,1507838957234275,1507838957000,3,96103,1507839015690,4,1,17,1,9,1
290718,1507838957234275,1507838957000,3,96210,1507839132002,4,1,17,1,9,1
290718,1507838957234275,1507838957000,3,194920,1507839162002,4,1,17,1,9,1
74819,1507838958183276,1507838958000,2,111043,1507842426210,4,3,2,1,8,1
74819,1507838958183276,1507838958000,2,284584,1507842456210,4,3,2,1,8,1
209039,1507838959134277,1507838959000,2,233742,1507839248251,4,1,17,1,8,2
209039,1507838959134277,1507838959000,2,336245,1507839278251,4,1,17,1,8,2
290719,1507838960387278,1507838960000,2,233688,1507839089247,4,1,17,1,24,2
290719,1507838960387278,1507838960000,2,111043,1507839119247,4,1,17,1,24,2
290720,1507838967278279,1507838967000,3,255060,1507838980482,4,3,2,1,19,5
290720,1507838967278279,1507838967000,3,96210,1507839021232,4,3,2,1,19,1
290720,1507838967278279,1507838967000,3,9308,1507839051232,4,3,2,1,19,1
232732,1507838970283280,1507838970000,2,336245,1507839026477,4,1,17,1,16,2
232732,1507838970283280,1507838970000,2,111043,1507839056477,4,1,17,1,16,2
290721,1507838972253281,1507838972000,3,233742,1507839567622,4,3,20,1,25,1
290721,1507838972253281,1507838972000,3,336245,1507839950598,4,3,20,1,25,1
290721,1507838972253281,1507838972000,3,288548,1507839980598,4,3,20,1,25,1
254625,1507838974133282,1507838974000,3,348093,1507839024334,4,4,20,1,25,2
254625,1507838974133282,1507838974000,3,96074,1507839339630,4,4,20,1,25,2
254625,1507838974133282,1507838974000,3,348109,1507839369630,4,4,20,1,25,2
29122,1507838978270283,1507838978000,2,96074,1507840560743,4,1,17,1,13,2
29122,1507838978270283,1507838978000,2,348093,1507840590743,4,1,17,1,13,2
290722,1507838979311284,1507838979000,2,129165,1507838979595,4,3,2,1,6,6
290722,1507838979311284,1507838979000,2,96210,1507839009595,4,3,2,1,6,6
290723,1507838979139285,1507838979000,2,233688,1507841566521,4,1,17,10,28,2
290723,1507838979139285,1507838979000,2,183176,1507841596521,4,1,17,10,28,2
285335,1507838981400286,1507838981000,3,183176,1507839058131,4,3,20,1,5,1
285335,1507838981400286,1507838981000,3,233688,1507839109764,4,3,20,1,5,1
285335,1507838981400286,1507838981000,3,156381,1507839139764,4,3,20,1,5,1
19879,1507838982263287,1507838982000,2,293320,1507839222541,4,3,2,1,25,1
19879,1507838982263287,1507838982000,2,292749,1507839252541,4,3,2,1,25,1
134601,1507838985226288,1507838985000,3,348093,1507839022122,4,1,12,10,28,7
134601,1507838985226288,1507838985000,3,183176,1507839257947,4,1,12,10,28,7
134601,1507838985226288,1507838985000,3,111043,1507839287947,4,1,12,10,28,7
16517,1507838987957289,1507838987000,4,324393,1507839032096,4,3,2,1,25,1
16517,1507838987957289,1507838987000,4,283505,1507839125794,4,3,2,1,25,1
16517,1507838987957289,1507838987000,4,215993,1507839199881,4,3,2,1,25,1
16517,1507838987957289,1507838987000,4,323926,1507839229881,4,3,2,1,25,1
123833,1507838988147290,1507838988000,10,111043,1507839393714,4,1,17,1,25,2
123833,1507838988147290,1507838988000,10,233688,1507839443159,4,1,17,1,25,1
123833,1507838988147290,1507838988000,10,20691,1507839497609,4,1,17,1,25,1
123833,1507838988147290,1507838988000,10,215993,1507839638237,4,1,17,1,25,1
123833,1507838988147290,1507838988000,10,118353,1507839854748,4,1,17,1,25,1
123833,1507838988147290,1507838988000,10,194920,1507840023491,4,1,17,1,25,1
123833,1507838988147290,1507838988000,10,96127,1507840158953,4,1,17,1,25,1
123833,1507838988147290,1507838988000,10,15447,1507840251405,4,1,17,1,25,1
123833,1507838988147290,1507838988000,10,15653,1507840299083,4,1,17,1,25,1
123833,1507838988147290,1507838988000,10,285130,1507840329083,4,1,17,1,25,1
16783,1507838988383291,1507838988000,2,348093,1507839014267,4,3,20,1,25,2
16783,1507838988383291,1507838988000,2,233688,1507839044267,4,3,20,1,25,2
221435,1507838989302292,1507838989000,3,113926,1507839209016,4,4,2,1,12,1
221435,1507838989302292,1507838989000,3,336245,1507839387298,4,4,2,1,12,1
221435,1507838989302292,1507838989000,3,205873,1507839417298,4,4,2,1,12,1
3467,1507838991953293,1507838991000,4,156381,1507839011345,4,3,2,1,24,1
3467,1507838991953293,1507838991000,4,336245,1507839199774,4,3,2,1,24,1
3467,1507838991953293,1507838991000,4,159529,1507839422465,4,3,2,1,24,1
3467,1507838991953293,1507838991000,4,300759,1507839452465,4,3,2,1,24,1
28393,1507838991403294,1507838991000,2,233688,1507839101471,4,3,20,1,14,1
28393,1507838991403294,1507838991000,2,111043,1507839131471,4,3,20,1,14,1
35467,1507838994410295,1507838994000,5,235383,1507839002229,4,3,20,1,8,1
35467,1507838994410295,1507838994000,5,9308,1507839160571,4,3,20,1,8,1
35467,1507838994410295,1507838994000,5,233742,1507839338462,4,3,20,1,8,1
35467,1507838994410295,1507838994000,5,96210,1507839590180,4,3,20,1,8,1
35467,1507838994410295,1507838994000,5,96103,1507839620180,4,3,20,1,8,1
290724,1507838994843296,1507838994000,3,237611,1507851983902,4,1,17,1,21,2
290724,1507838994843296,1507838994000,3,96210,1507858408240,4,1,17,1,21,2
290724,1507838994843296,1507838994000,3,70484,1507858438240,4,1,17,1,21,2
8939,1507838997419297,1507838997000,2,205873,1507845254706,4,1,17,1,18,2
8939,1507838997419297,1507838997000,2,288440,1507845284706,4,1,17,1,18,2
290725,1507838998382298,1507838998000,2,111043,1507839563179,4,3,2,1,25,2
290725,1507838998382298,1507838998000,2,183176,1507839593179,4,3,2,1,25,2
51016,1507839000213299,1507839000000,2,234192,1507839768232,4,1,17,1,21,1
51016,1507839000213299,1507839000000,2,156381,1507839798232,4,1,17,1,21,1
105494,1507839001364300,1507839001000,2,348109,1507839169712,4,1,17,1,25,2
105494,1507839001364300,1507839001000,2,348093,1507839199712,4,1,17,1,25,2
162031,1507839001282301,1507839001000,2,348112,1507840120465,4,1,17,1,16,6
162031,1507839001282301,1507839001000,2,205873,1507840150465,4,1,17,1,16,6
145544,1507839003305302,1507839003000,3,205873,1507839109905,4,3,2,1,21,1
145544,1507839003305302,1507839003000,3,236512,1507839315519,4,3,2,1,21,1
145544,1507839003305302,1507839003000,3,233688,1507839345519,4,3,2,1,21,1
13093,1507839005286303,1507839005000,2,348093,1507839044122,4,4,20,1,25,2
13093,1507839005286303,1507839005000,2,288440,1507839074122,4,4,20,1,25,2
221386,1507839005116304,1507839005000,2,96074,1507839245832,4,1,17,1,11,2
221386,1507839005116304,1507839005000,2,336245,1507839275832,4,1,17,1,11,2
28328,1507839008215305,1507839008000,2,233742,1507839769011,4,3,20,1,13,2
28328,1507839008215305,1507839008000,2,257672,1507839799011,4,3,20,1,13,2
27049,1507839009320306,1507839009000,2,156381,1507839725431,4,3,2,1,17,1
27049,1507839009320306,1507839009000,2,50569,1507839755431,4,3,2,1,17,1
290726,1507839016296307,1507839016000,3,348093,1507839069743,4,1,17,1,13,2
290726,1507839016296307,1507839016000,3,159529,1507839089339,4,1,17,1,13,2
290726,1507839016296307,1507839016000,3,336245,1507839119339,4,1,17,1,13,2
53893,1507839021174308,1507839021000,4,233742,1507839155169,4,1,17,1,9,2
53893,1507839021174308,1507839021000,4,96252,1507840902378,4,1,17,1,9,1
53893,1507839021174308,1507839021000,4,233688,1507840916569,4,1,17,1,9,1
53893,1507839021174308,1507839021000,4,288440,1507840946569,4,1,17,1,9,1
214494,1507839025341309,1507839025000,4,336245,1507840126472,4,1,17,1,21,2
214494,1507839025341309,1507839025000,4,20691,1507842739752,4,1,17,1,21,2
214494,1507839025341309,1507839025000,4,337263,1507842807393,4,1,17,1,21,1
214494,1507839025341309,1507839025000,4,331635,1507842837393,4,1,17,1,21,1
290727,1507839028211310,1507839028000,4,233742,1507839096544,4,1,17,1,17,2
290727,1507839028211310,1507839028000,4,281171,1507840681775,4,1,17,1,17,5
290727,1507839028211310,1507839028000,4,281087,1507841283389,4,1,17,1,17,5
290727,1507839028211310,1507839028000,4,186047,1507841313389,4,1,17,1,17,5
151171,1507839029182311,1507839029000,3,233688,1507839110652,4,3,20,1,24,2
151171,1507839029182311,1507839029000,3,111043,1507839182897,4,3,20,1,24,2
151171,1507839029182311,1507839029000,3,183176,1507839212897,4,3,20,1,24,2
44191,1507839029344312,1507839029000,8,145692,1507839127790,4,1,17,1,13,1
44191,1507839029344312,1507839029000,8,145109,1507839427112,4,1,17,1,13,1
44191,1507839029344312,1507839029000,8,145434,1507839493442,4,1,17,1,13,1
44191,1507839029344312,1507839029000,8,145493,1507839522930,4,1,17,1,13,1
44191,1507839029344312,1507839029000,8,95947,1507839644675,4,1,17,1,13,1
44191,1507839029344312,1507839029000,8,97476,1507839809992,4,1,17,1,13,1
44191,1507839029344312,1507839029000,8,70214,1507840041871,4,1,17,1,13,1
44191,1507839029344312,1507839029000,8,129520,1507840071871,4,1,17,1,13,1
94986,1507839038630313,1507839038000,3,355163,1507839135100,4,1,17,1,25,1
94986,1507839038630313,1507839038000,3,336245,1507839565464,4,1,17,1,25,1
94986,1507839038630313,1507839038000,3,111043,1507839595464,4,1,17,1,25,1
112844,1507839040637314,1507839040000,3,183176,1507840213758,4,3,2,1,24,2
112844,1507839040637314,1507839040000,3,111043,1507840298312,4,3,2,1,24,2
112844,1507839040637314,1507839040000,3,233688,1507840328312,4,3,2,1,24,2
1615,1507839041159315,1507839041000,2,96074,1507839083471,4,3,20,11,28,7
1615,1507839041159315,1507839041000,2,159529,1507839113471,4,3,20,11,28,7
290728,1507839042269316,1507839042000,3,348093,1507839119505,4,3,2,1,21,7
290728,1507839042269316,1507839042000,3,348112,1507839212961,4,3,2,1,21,1
290728,1507839042269316,1507839042000,3,233688,1507839242961,4,3,2,1,21,1
108188,1507839042176317,1507839042000,3,157792,1507839088653,4,3,2,1,21,1
108188,1507839042176317,1507839042000,3,162276,1507839102887,4,3,2,1,21,1
108188,1507839042176317,1507839042000,3,156381,1507839132887,4,3,2,1,21,1
69113,1507839044298318,1507839044000,2,159529,1507841047001,4,1,17,1,7,2
69113,1507839044298318,1507839044000,2,336245,1507841077001,4,1,17,1,7,2
133180,1507839047417319,1507839047000,2,208150,1507839260197,4,1,12,1,13,2
133180,1507839047417319,1507839047000,2,111043,1507839290197,4,1,12,1,13,2
237076,1507839053288320,1507839053000,2,348093,1507839127037,2,4,2,1,13,2
237076,1507839053288320,1507839053000,2,336245,1507839157037,2,4,2,1,13,2
189824,1507839056364321,1507839056000,2,183176,1507840674313,4,3,2,1,25,1
189824,1507839056364321,1507839056000,2,233688,1507840704313,4,3,2,1,25,1
237145,1507839060757322,1507839060000,2,183176,1507839386298,4,3,20,1,25,2
237145,1507839060757322,1507839060000,2,111043,1507839416298,4,3,20,1,25,2
226220,1507839060891323,1507839060000,2,233742,1507839810976,4,1,17,1,19,2
226220,1507839060891323,1507839060000,2,20691,1507839840976,4,1,17,1,19,2
179780,1507839061174324,1507839061000,2,237189,1507839061707,4,1,12,10,28,5
179780,1507839061174324,1507839061000,2,226369,1507839091707,4,1,12,10,28,5
11732,1507839062202325,1507839062000,4,96074,1507839464331,4,1,13,10,28,7
11732,1507839062202325,1507839062000,4,336245,1507839582813,4,1,13,10,28,7
11732,1507839062202325,1507839062000,4,348109,1507839750972,4,1,13,10,28,7
11732,1507839062202325,1507839062000,4,233688,1507839780972,4,1,13,10,28,7
12650,1507839062300326,1507839062000,3,42158,1507839063955,4,1,13,1,5,6
12650,1507839062300326,1507839062000,3,340576,1507839602111,4,1,13,1,5,6
12650,1507839062300326,1507839062000,3,156381,1507839632111,4,1,13,1,5,6
269088,1507839063296327,1507839063000,2,285744,1507839499613,4,3,2,1,25,1
269088,1507839063296327,1507839063000,2,336245,1507839529613,4,3,2,1,25,1
290729,1507839064376328,1507839064000,2,20691,1507841588067,4,1,17,1,4,2
290729,1507839064376328,1507839064000,2,336245,1507841618067,4,1,17,1,4,2
243548,1507839067203329,1507839067000,3,183176,1507839262177,4,1,17,10,28,2
243548,1507839067203329,1507839067000,3,348093,1507839369294,4,1,17,10,28,7
243548,1507839067203329,1507839067000,3,159529,1507839399294,4,1,17,10,28,7
55633,1507839068187330,1507839068000,2,96074,1507839464924,4,1,17,1,25,2
55633,1507839068187330,1507839068000,2,159529,1507839494924,4,1,17,1,25,2
38348,1507839068304331,1507839068000,4,31187,1507839169204,4,1,17,1,25,1
38348,1507839068304331,1507839068000,4,336245,1507839286682,4,1,17,1,25,1
38348,1507839068304331,1507839068000,4,32653,1507839287740,4,1,17,1,25,1
38348,1507839068304331,1507839068000,4,9308,1507839317740,4,1,17,1,25,1
290730,1507839071109332,1507839071000,3,285533,1507839262175,4,3,2,1,25,1
290730,1507839071109332,1507839071000,3,96252,1507839491343,4,3,2,1,25,1
290730,1507839071109332,1507839071000,3,284584,1507839521343,4,3,2,1,25,1
231592,1507839074316333,1507839074000,2,195065,1507839321221,4,1,17,1,17,1
231592,1507839074316333,1507839074000,2,233688,1507839351221,4,1,17,1,17,1
9191,1507839079160334,1507839079000,2,159529,1507839394156,4,3,2,1,21,2
9191,1507839079160334,1507839079000,2,96074,1507839424156,4,3,2,1,21,2
170490,1507839083198335,1507839083000,2,156381,1507839127493,4,1,17,1,24,1
170490,1507839083198335,1507839083000,2,42430,1507839157493,4,1,17,1,24,1
79301,1507839089106336,1507839089000,2,183176,1507839176536,4,1,17,1,25,2
79301,1507839089106336,1507839089000,2,111043,1507839206536,4,1,17,1,25,2
290731,1507839089343337,1507839089000,2,58449,1507839113544,4,3,19,1,8,5
290731,1507839089343337,1507839089000,2,336245,1507839143544,4,3,19,1,8,5
99286,1507839089234338,1507839089000,2,233688,1507839114879,4,3,2,1,20,1
99286,1507839089234338,1507839089000,2,9308,1507839144879,4,3,2,1,20,1
171277,1507839094254339,1507839094000,2,159529,1507839116840,4,3,2,1,18,2
171277,1507839094254339,1507839094000,2,233742,1507839146840,4,3,2,1,18,2
290732,1507839095328340,1507839095000,3,233742,1507839216825,4,1,17,1,25,2
290732,1507839095328340,1507839095000,3,336245,1507839397748,4,1,17,1,25,2
290732,1507839095328340,1507839095000,3,159529,1507839427748,4,1,17,1,25,2
11370,1507839096309341,1507839096000,2,336245,1507841152170,4,1,17,1,25,2
11370,1507839096309341,1507839096000,2,183176,1507841182170,4,1,17,1,25,2
283486,1507839098212342,1507839098000,3,348093,1507840472529,4,3,20,1,25,2
283486,1507839098212342,1507839098000,3,96074,1507840597194,4,3,20,1,25,2
283486,1507839098212342,1507839098000,3,336245,1507840627194,4,3,20,1,25,2
225249,1507839099194343,1507839099000,2,327984,1507839199287,4,3,2,1,25,1
225249,1507839099194343,1507839099000,2,264523,1507839229287,4,3,2,1,25,1
17987,1507839100328344,1507839100000,2,156381,1507839167567,4,3,2,1,21,1
17987,1507839100328344,1507839100000,2,205873,1507839197567,4,3,2,1,21,1
96477,1507839100249345,1507839100000,2,183176,1507839242158,4,1,17,1,13,2
96477,1507839100249345,1507839100000,2,348109,1507839272158,4,1,17,1,13,2
3341,1507839103328346,1507839103000,2,111043,1507839643792,4,1,12,1,20,2
3341,1507839103328346,1507839103000,2,233742,1507839673792,4,1,12,1,20,2
11737,1507839105922347,1507839105000,2,159529,1507839158762,2,3,20,1,25,2
11737,1507839105922347,1507839105000,2,336245,1507839188762,2,3,20,1,25,2
288481,1507839110247348,1507839110000,4,174905,1507839259638,4,3,2,1,3,1
288481,1507839110247348,1507839110000,4,9308,1507839537020,4,3,2,1,3,1
288481,1507839110247348,1507839110000,4,233742,1507839627916,4,3,2,1,3,1
288481,1507839110247348,1507839110000,4,160096,1507839657916,4,3,2,1,3,1
172476,1507839110664349,1507839110000,3,162572,1507839124679,4,3,2,1,6,1
172476,1507839110664349,1507839110000,3,283162,1507839505712,4,3,2,1,6,1
172476,1507839110664349,1507839110000,3,157973,1507839535712,4,3,2,1,6,1
290733,1507839113988350,1507839113000,2,159529,1507839220090,4,4,20,1,13,7
290733,1507839113988350,1507839113000,2,96074,1507839250090,4,4,20,1,13,7
269559,1507839120275351,1507839120000,4,336245,1507839578511,4,1,17,1,25,1
269559,1507839120275351,1507839120000,4,338129,1507839779260,4,1,17,1,25,1
269559,1507839120275351,1507839120000,4,348112,1507839912879,4,1,17,1,25,1
269559,1507839120275351,1507839120000,4,20691,1507839942879,4,1,17,1,25,1
3786,1507839126117352,1507839126000,2,96074,1507839394636,4,1,17,1,15,2
3786,1507839126117352,1507839126000,2,336245,1507839424636,4,1,17,1,15,2
228440,1507839128358353,1507839128000,2,20691,1507843256727,4,1,17,1,7,2
228440,1507839128358353,1507839128000,2,84892,1507843286727,4,1,17,1,7,2
290734,1507839128143354,1507839128000,2,156381,1507839148130,4,3,2,1,25,1
290734,1507839128143354,1507839128000,2,42430,1507839178130,4,3,2,1,25,1
89753,1507839130246355,1507839130000,3,205873,1507845584510,4,1,17,1,21,1
89753,1507839130246355,1507839130000,3,50569,1507846088120,4,1,17,1,21,1
89753,1507839130246355,1507839130000,3,224714,1507846118120,4,1,17,1,21,1
6896,1507839137955356,1507839137000,3,96074,1507839525521,4,1,17,1,21,2
6896,1507839137955356,1507839137000,3,9308,1507839743013,4,1,17,1,21,1
6896,1507839137955356,1507839137000,3,363297,1507839773013,4,1,17,1,21,1
18299,1507839140372357,1507839140000,2,96074,1507839260165,2,4,2,1,25,2
18299,1507839140372357,1507839140000,2,159529,1507839290165,2,4,2,1,25,2
140371,1507839141839358,1507839141000,2,183176,1507840155037,4,1,17,1,8,1
140371,1507839141839358,1507839141000,2,111043,1507840185037,4,1,17,1,8,1
83183,1507839146134359,1507839146000,2,348093,1507839171345,4,1,17,1,13,2
83183,1507839146134359,1507839146000,2,336245,1507839201345,4,1,17,1,13,2
107523,1507839150297360,1507839150000,2,328186,1507839783398,4,3,2,1,25,1
107523,1507839150297360,1507839150000,2,327766,1507839813398,4,3,2,1,25,1
106152,1507839151260361,1507839151000,2,159529,1507839212455,4,3,2,3,28,2
106152,1507839151260361,1507839151000,2,233742,1507839242455,4,3,2,3,28,2
30752,1507839155125362,1507839155000,3,348093,1507839165715,4,1,17,1,25,2
30752,1507839155125362,1507839155000,3,336245,1507839406632,4,1,17,1,25,2
30752,1507839155125362,1507839155000,3,288440,1507839436632,4,1,17,1,25,2
279109,1507839156316363,1507839156000,2,96074,1507839621772,4,3,2,1,25,2
279109,1507839156316363,1507839156000,2,336245,1507839651772,4,3,2,1,25,2
87185,1507839160151364,1507839160000,2,183176,1507839524777,4,1,17,1,11,2
87185,1507839160151364,1507839160000,2,111043,1507839554777,4,1,17,1,11,2
198000,1507839163364365,1507839163000,3,336245,1507839201212,4,3,2,1,25,2
198000,1507839163364365,1507839163000,3,233688,1507839305341,4,3,2,1,25,2
198000,1507839163364365,1507839163000,3,111043,1507839335341,4,3,2,1,25,2
26352,1507839170322366,1507839170000,3,96074,1507839534961,4,1,17,1,9,2
26352,1507839170322366,1507839170000,3,233742,1507839737748,4,1,17,1,9,2
26352,1507839170322366,1507839170000,3,96711,1507839767748,4,1,17,1,9,2
290735,1507839170166367,1507839170000,2,96074,1507839203858,4,3,2,1,21,2
290735,1507839170166367,1507839170000,2,233688,1507839233858,4,3,2,1,21,2
29569,1507839177985368,1507839177000,2,355163,1507841656063,4,1,17,1,20,1
29569,1507839177985368,1507839177000,2,50569,1507841686063,4,1,17,1,20,1
290736,1507839177630369,1507839177000,3,183176,1507839897063,4,3,2,4,28,1
290736,1507839177630369,1507839177000,3,235383,1507840022749,4,3,2,4,28,1
290736,1507839177630369,1507839177000,3,181585,1507840052749,4,3,2,4,28,1
119959,1507839178664370,1507839178000,5,233742,1507839808405,4,3,2,1,21,2
119959,1507839178664370,1507839178000,5,245299,1507840232049,4,3,2,1,21,1
119959,1507839178664370,1507839178000,5,336245,1507840352628,4,3,2,1,21,1
119959,1507839178664370,1507839178000,5,183176,1507840771709,4,3,2,1,21,2
119959,1507839178664370,1507839178000,5,111043,1507840801709,4,3,2,1,21,2
212299,1507839180158371,1507839180000,2,159529,1507840944035,4,1,17,1,16,2
212299,1507839180158371,1507839180000,2,20691,1507840974035,4,1,17,1,16,2
25760,1507839181270372,1507839181000,5,111043,1507839680496,4,1,17,1,13,2
25760,1507839181270372,1507839181000,5,233742,1507840017667,4,1,17,1,13,2
25760,1507839181270372,1507839181000,5,96210,1507840972705,4,1,17,1,13,1
25760,1507839181270372,1507839181000,5,96074,1507842115917,4,1,17,1,13,2
25760,1507839181270372,1507839181000,5,96103,1507842145917,4,1,17,1,13,2
94837,1507839181311373,1507839181000,2,331746,1507847179573,4,1,17,1,25,1
94837,1507839181311373,1507839181000,2,331041,1507847209573,4,1,17,1,25,1
10608,1507839187584374,1507839187000,2,159529,1507839248974,4,1,12,10,28,2
10608,1507839187584374,1507839187000,2,336245,1507839278974,4,1,12,10,28,2
290737,1507839188847375,1507839188000,2,159529,1507839795964,4,3,2,1,21,2
290737,1507839188847375,1507839188000,2,336245,1507839825964,4,3,2,1,21,2
96529,1507839188173376,1507839188000,14,30251,1507840524418,4,1,17,1,13,1
96529,1507839188173376,1507839188000,14,149706,1507840724219,4,1,17,1,13,1
96529,1507839188173376,1507839188000,14,233742,1507844431526,4,1,17,1,13,2
96529,1507839188173376,1507839188000,14,208562,1507844925255,4,1,17,1,13,1
96529,1507839188173376,1507839188000,14,288440,1507846525754,4,1,17,1,13,2
96529,1507839188173376,1507839188000,14,96103,1507846702168,4,1,17,1,13,1
96529,1507839188173376,1507839188000,14,32088,1507851560303,4,1,17,1,13,1
96529,1507839188173376,1507839188000,14,327984,1507851977820,4,1,17,1,13,1
96529,1507839188173376,1507839188000,14,327535,1507852513101,4,1,17,1,13,1
96529,1507839188173376,1507839188000,14,96127,1507852841308,4,1,17,1,13,1
96529,1507839188173376,1507839188000,14,341720,1507852949785,4,1,17,1,13,1
96529,1507839188173376,1507839188000,14,341023,1507854036462,4,1,17,1,13,1
96529,1507839188173376,1507839188000,14,114317,1507854484224,4,1,17,1,13,1
96529,1507839188173376,1507839188000,14,133159,1507854514224,4,1,17,1,13,1
53323,1507839188383377,1507839188000,3,348100,1507845482900,4,1,17,1,13,1
53323,1507839188383377,1507839188000,3,100924,1507845629539,4,1,17,1,13,1
53323,1507839188383377,1507839188000,3,60252,1507845659539,4,1,17,1,13,1
105801,1507839192382378,1507839192000,2,348093,1507839218436,4,1,17,1,21,2
105801,1507839192382378,1507839192000,2,159529,1507839248436,4,1,17,1,21,2
289964,1507839194397379,1507839194000,2,233688,1507839194040,4,3,20,1,25,1
289964,1507839194397379,1507839194000,2,183176,1507839224040,4,3,20,1,25,1
9081,1507839194381380,1507839194000,3,348093,1507839627466,4,1,17,1,21,1
9081,1507839194381380,1507839194000,3,348109,1507839632682,4,1,17,1,21,1
9081,1507839194381380,1507839194000,3,96074,1507839662682,4,1,17,1,21,1
88159,1507839195108381,1507839195000,7,233742,1507840256562,4,1,17,1,9,2
88159,1507839195108381,1507839195000,7,288440,1507846364224,4,1,17,1,9,2
88159,1507839195108381,1507839195000,7,20691,1507847833295,4,1,17,1,9,2
88159,1507839195108381,1507839195000,7,31805,1507848220530,4,1,17,1,9,2
88159,1507839195108381,1507839195000,7,233688,1507850695129,4,1,17,1,9,2
88159,1507839195108381,1507839195000,7,183176,1507850773151,4,1,17,1,9,2
88159,1507839195108381,1507839195000,7,32088,1507850803151,4,1,17,1,9,2
19549,1507839196298382,1507839196000,2,159529,1507839196665,4,3,2,6,28,2
19549,1507839196298382,1507839196000,2,233742,1507839226665,4,3,2,6,28,2
194456,1507839198943383,1507839198000,2,96074,1507839241708,4,1,17,10,28,2
194456,1507839198943383,1507839198000,2,336245,1507839271708,4,1,17,10,28,2
73894,1507839198400384,1507839198000,8,348093,1507839455217,4,1,17,1,8,1
73894,1507839198400384,1507839198000,8,348112,1507839756572,4,1,17,1,8,1
73894,1507839198400384,1507839198000,8,205873,1507839964131,4,1,17,1,8,1
73894,1507839198400384,1507839198000,8,336245,1507840232093,4,1,17,1,8,1
73894,1507839198400384,1507839198000,8,100924,1507840454223,4,1,17,1,8,1
73894,1507839198400384,1507839198000,8,4533,1507840562890,4,1,17,1,8,1
73894,1507839198400384,1507839198000,8,348118,1507840625070,4,1,17,1,8,1
73894,1507839198400384,1507839198000,8,75843,1507840655070,4,1,17,1,8,1
101950,1507839199206385,1507839199000,2,337263,1507839579539,4,3,2,1,25,1
101950,1507839199206385,1507839199000,2,336245,1507839609539,4,3,2,1,25,1
63497,1507839200197386,1507839200000,2,183176,1507839410449,4,3,2,1,20,1
63497,1507839200197386,1507839200000,2,348093,1507839440449,4,3,2,1,20,1
94131,1507839203259387,1507839203000,2,336245,1507840191833,4,1,17,1,13,2
94131,1507839203259387,1507839203000,2,111043,1507840221833,4,1,17,1,13,2
99428,1507839204349388,1507839204000,2,348093,1507840703679,4,3,2,1,5,2
99428,1507839204349388,1507839204000,2,304040,1507840733679,4,3,2,1,5,2
290738,1507839205348389,1507839205000,2,286176,1507840266204,4,1,17,1,25,5
290738,1507839205348389,1507839205000,2,283192,1507840296204,4,1,17,1,25,5
145345,1507839206386390,1507839206000,4,205873,1507844534737,4,1,17,1,24,2
145345,1507839206386390,1507839206000,4,336245,1507847182776,4,1,17,1,24,7
145345,1507839206386390,1507839206000,4,162139,1507848540338,4,1,17,1,24,2
145345,1507839206386390,1507839206000,4,234192,1507848570338,4,1,17,1,24,2
27721,1507839211102391,1507839211000,4,156381,1507844256445,4,1,12,11,28,7
27721,1507839211102391,1507839211000,4,233688,1507844269974,4,1,12,11,28,7
27721,1507839211102391,1507839211000,4,183176,1507844275897,4,1,12,11,28,7
27721,1507839211102391,1507839211000,4,111043,1507844305897,4,1,12,11,28,7
119508,1507839212239392,1507839212000,4,174905,1507839635531,4,3,2,1,3,1
119508,1507839212239392,1507839212000,4,96210,1507839915466,4,3,2,1,3,1
119508,1507839212239392,1507839212000,4,20691,1507842200973,4,3,2,1,3,1
119508,1507839212239392,1507839212000,4,233688,1507842230973,4,3,2,1,3,1
19882,1507839215334393,1507839215000,5,363449,1507839225997,4,3,2,1,24,7
19882,1507839215334393,1507839215000,5,13337,1507839520101,4,3,2,1,24,1
19882,1507839215334393,1507839215000,5,284793,1507840312419,4,3,2,1,24,7
19882,1507839215334393,1507839215000,5,158512,1507840582706,4,3,2,1,24,1
19882,1507839215334393,1507839215000,5,158509,1507840612706,4,3,2,1,24,1
42996,1507839215633394,1507839215000,3,156381,1507839239972,4,1,17,1,25,1
42996,1507839215633394,1507839215000,3,158794,1507839801812,4,1,17,1,25,1
42996,1507839215633394,1507839215000,3,156843,1507839831812,4,1,17,1,25,1
127978,1507839225229395,1507839225000,4,183176,1507848568871,4,3,2,1,25,1
127978,1507839225229395,1507839225000,4,74722,1507848702898,4,3,2,1,25,4
127978,1507839225229395,1507839225000,4,283437,1507848775554,4,3,2,1,25,1
127978,1507839225229395,1507839225000,4,213545,1507848805554,4,3,2,1,25,1
175742,1507839228223396,1507839228000,5,96074,1507839330880,4,3,2,1,17,2
175742,1507839228223396,1507839228000,5,336245,1507839650936,4,3,2,1,17,1
175742,1507839228223396,1507839228000,5,9308,1507839861160,4,3,2,1,17,1
175742,1507839228223396,1507839228000,5,186047,1507840157296,4,3,2,1,17,1
175742,1507839228223396,1507839228000,5,254567,1507840187296,4,3,2,1,17,1
255001,1507839228425397,1507839228000,2,96252,1507839530409,4,1,17,1,8,2
255001,1507839228425397,1507839228000,2,336245,1507839560409,4,1,17,1,8,2
128811,1507839229188398,1507839229000,2,96074,1507839281390,4,3,2,1,5,2
128811,1507839229188398,1507839229000,2,183176,1507839311390,4,3,2,1,5,2
272770,1507839229359399,1507839229000,2,183176,1507839332867,2,4,2,1,25,2
272770,1507839229359399,1507839229000,2,111043,1507839362867,2,4,2,1,25,2
172426,1507839230172400,1507839230000,2,336245,1507839731966,4,3,2,1,13,2
172426,1507839230172400,1507839230000,2,96074,1507839761966,4,3,2,1,13,2
23175,1507839230275401,1507839230000,2,233688,1507839259649,4,3,20,1,4,1
23175,1507839230275401,1507839230000,2,14707,1507839289649,4,3,20,1,4,1
273578,1507839232206402,1507839232000,2,233688,1507839285117,4,3,2,1,13,1
273578,1507839232206402,1507839232000,2,348112,1507839315117,4,3,2,1,13,1
204074,1507839233359403,1507839233000,3,159529,1507839782103,4,3,2,1,25,2
204074,1507839233359403,1507839233000,3,336245,1507840067824,4,3,2,1,25,1
204074,1507839233359403,1507839233000,3,96210,1507840097824,4,3,2,1,25,1
290739,1507839239394404,1507839239000,2,183176,1507839275020,4,3,2,1,25,1
290739,1507839239394404,1507839239000,2,50569,1507839305020,4,3,2,1,25,1
290740,1507839240334405,1507839240000,2,81716,1507839996144,4,1,17,1,13,5
290740,1507839240334405,1507839240000,2,81778,1507840026144,4,1,17,1,13,5
279075,1507839240376406,1507839240000,2,348093,1507839241796,4,3,2,1,25,2
279075,1507839240376406,1507839240000,2,336245,1507839271796,4,3,2,1,25,2
168461,1507839243252407,1507839243000,2,336245,1507839312722,4,1,17,1,13,2
168461,1507839243252407,1507839243000,2,9308,1507839342722,4,1,17,1,13,2
26432,1507839245131408,1507839245000,6,352265,1507839345564,4,1,17,1,25,1
26432,1507839245131408,1507839245000,6,42430,1507839499510,4,1,17,1,25,1
26432,1507839245131408,1507839245000,6,288548,1507839596241,4,1,17,1,25,1
26432,1507839245131408,1507839245000,6,96210,1507839652226,4,1,17,1,25,1
26432,1507839245131408,1507839245000,6,96103,1507839839265,4,1,17,1,25,1
26432,1507839245131408,1507839245000,6,140451,1507839869265,4,1,17,1,25,1
11076,1507839252411409,1507839252000,6,336245,1507839656102,4,1,17,1,24,5
11076,1507839252411409,1507839252000,6,283192,1507839757245,4,1,17,1,24,1
11076,1507839252411409,1507839252000,6,50569,1507839765689,4,1,17,1,24,1
11076,1507839252411409,1507839252000,6,207828,1507840870632,4,1,17,1,24,1
11076,1507839252411409,1507839252000,6,352265,1507841045336,4,1,17,1,24,1
11076,1507839252411409,1507839252000,6,96210,1507841075336,4,1,17,1,24,1
42066,1507839252402410,1507839252000,2,304705,1507841027372,4,3,2,1,26,1
42066,1507839252402410,1507839252000,2,205873,1507841057372,4,3,2,1,26,1
121281,1507839256308411,1507839256000,4,341720,1507841335288,4,1,17,1,25,1
121281,1507839256308411,1507839256000,4,340896,1507841532115,4,1,17,1,25,1
121281,1507839256308411,1507839256000,4,159004,1507841765878,4,1,17,1,25,5
121281,1507839256308411,1507839256000,4,233688,1507841795878,4,1,17,1,25,5
56586,1507839257756412,1507839257000,3,159529,1507839309578,4,3,2,1,13,7
56586,1507839257756412,1507839257000,3,233742,1507839454176,4,3,2,1,13,7
56586,1507839257756412,1507839257000,3,336245,1507839484176,4,3,2,1,13,7
41911,1507839259259413,1507839259000,3,183176,1507839677345,4,3,2,1,20,2
41911,1507839259259413,1507839259000,3,270547,1507839866080,4,3,2,1,20,1
41911,1507839259259413,1507839259000,3,307061,1507839896080,4,3,2,1,20,1
94667,1507839260210414,1507839260000,3,111043,1507839435877,4,4,20,11,28,2
94667,1507839260210414,1507839260000,3,128260,1507839544697,4,4,20,11,28,2
94667,1507839260210414,1507839260000,3,233742,1507839574697,4,4,20,11,28,2
172405,1507839261373415,1507839261000,2,348093,1507842008694,4,3,2,1,21,2
172405,1507839261373415,1507839261000,2,348112,1507842038694,4,3,2,1,21,2
24243,1507839262295416,1507839262000,2,183176,1507839307054,4,1,17,1,25,1
24243,1507839262295416,1507839262000,2,111043,1507839337054,4,1,17,1,25,1
97746,1507839266262417,1507839266000,2,233688,1507839399847,4,3,2,1,25,2
97746,1507839266262417,1507839266000,2,183176,1507839429847,4,3,2,1,25,2
18664,1507839268267418,1507839268000,2,156381,1507839284215,4,3,2,1,25,1
18664,1507839268267418,1507839268000,2,234006,1507839314215,4,3,2,1,25,1
256163,1507839271252419,1507839271000,4,348093,1507839297463,4,1,17,1,25,2
256163,1507839271252419,1507839271000,4,233742,1507839323532,4,1,17,1,25,2
256163,1507839271252419,1507839271000,4,183176,1507840098703,4,1,17,1,25,2
256163,1507839271252419,1507839271000,4,111043,1507840128703,4,1,17,1,25,2
32728,1507839273389420,1507839273000,2,205873,1507839332882,4,1,17,1,27,1
32728,1507839273389420,1507839273000,2,214084,1507839362882,4,1,17,1,27,1
290741,1507839278157421,1507839278000,2,337978,1507839378523,4,3,2,1,25,1
290741,1507839278157421,1507839278000,2,233688,1507839408523,4,3,2,1,25,1
290742,1507839278233422,1507839278000,2,348093,1507839630840,4,1,17,1,25,1
290742,1507839278233422,1507839278000,2,214084,1507839660840,4,1,17,1,25,1
290743,1507839280343423,1507839280000,2,348093,1507839568372,4,1,17,1,13,2
290743,1507839280343423,1507839280000,2,348112,1507839598372,4,1,17,1,13,2
39123,1507839281363424,1507839281000,2,84429,1507839328551,4,3,2,1,13,1
39123,1507839281363424,1507839281000,2,84892,1507839358551,4,3,2,1,13,1
16158,1507839282315425,1507839282000,2,156381,1507839322231,4,3,2,1,16,1
16158,1507839282315425,1507839282000,2,158094,1507839352231,4,3,2,1,16,1
290744,1507839282172426,1507839282000,2,348093,1507839398512,4,3,20,1,25,2
290744,1507839282172426,1507839282000,2,159529,1507839428512,4,3,20,1,25,2
284729,1507839282393427,1507839282000,2,183176,1507839481076,4,3,20,1,25,2
284729,1507839282393427,1507839282000,2,111043,1507839511076,4,3,20,1,25,2
143330,1507839284150428,1507839284000,3,96074,1507839312259,4,1,17,1,16,2
143330,1507839284150428,1507839284000,3,20691,1507842728907,4,1,17,1,16,2
143330,1507839284150428,1507839284000,3,205873,1507842758907,4,1,17,1,16,2
286498,1507839284231429,1507839284000,4,183176,1507839300197,4,3,2,1,25,2
286498,1507839284231429,1507839284000,4,336245,1507839397037,4,3,2,1,25,1
286498,1507839284231429,1507839284000,4,9308,1507839514246,4,3,2,1,25,1
286498,1507839284231429,1507839284000,4,348093,1507839544246,4,3,2,1,25,1
31030,1507839284315430,1507839284000,2,233688,1507839585843,4,3,2,1,8,2
31030,1507839284315430,1507839284000,2,96210,1507839615843,4,3,2,1,8,2
99804,1507839285277431,1507839285000,2,31187,1507839375351,4,1,17,1,21,1
99804,1507839285277431,1507839285000,2,348093,1507839405351,4,1,17,1,21,1
290745,1507839285401432,1507839285000,2,234390,1507839425645,4,3,2,1,13,1
290745,1507839285401432,1507839285000,2,234192,1507839455645,4,3,2,1,13,1
290746,1507839287329433,1507839287000,2,31187,1507839367098,4,3,2,1,26,1
290746,1507839287329433,1507839287000,2,205873,1507839397098,4,3,2,1,26,1
52875,1507839287128434,1507839287000,3,50569,1507839320526,4,1,17,10,28,1
52875,1507839287128434,1507839287000,3,336245,1507839527864,4,1,17,10,28,1
52875,1507839287128434,1507839287000,3,96210,1507839557864,4,1,17,10,28,1
290747,1507839288519435,1507839288000,2,233688,1507840147570,4,1,17,1,25,2
290747,1507839288519435,1507839288000,2,263604,1507840177570,4,1,17,1,25,2
213623,1507839292239436,1507839292000,2,20691,1507841393168,4,3,2,1,13,2
213623,1507839292239436,1507839292000,2,288440,1507841423168,4,3,2,1,13,2
34347,1507839293461437,1507839293000,3,183176,1507839463885,4,1,17,1,5,2
34347,1507839293461437,1507839293000,3,9308,1507839631435,4,1,17,1,5,1
34347,1507839293461437,1507839293000,3,348109,1507839661435,4,1,17,1,5,1
290748,1507839294367438,1507839294000,2,309401,1507839321678,4,3,2,1,25,5
290748,1507839294367438,1507839294000,2,84914,1507839351678,4,3,2,1,25,5
113135,1507839294667439,1507839294000,2,159529,1507839344001,4,3,20,1,25,2
113135,1507839294667439,1507839294000,2,233742,1507839374001,4,3,20,1,25,2
290749,1507839297257440,1507839297000,2,159529,1507839353750,4,4,20,5,28,2
290749,1507839297257440,1507839297000,2,348093,1507839383750,4,4,20,5,28,2
40912,1507839299387441,1507839299000,2,336245,1507839565644,4,1,17,1,21,2
40912,1507839299387441,1507839299000,2,96210,1507839595644,4,1,17,1,21,2
282352,1507839300869442,1507839300000,2,336245,1507839586956,4,1,17,1,16,2
282352,1507839300869442,1507839300000,2,212050,1507839616956,4,1,17,1,16,2
28412,1507839300281443,1507839300000,2,96074,1507839347573,4,3,2,1,25,2
28412,1507839300281443,1507839300000,2,159529,1507839377573,4,3,2,1,25,2
216094,1507839301236444,1507839301000,3,119522,1507839327265,4,1,17,1,24,5
216094,1507839301236444,1507839301000,3,215993,1507839502174,4,1,17,1,24,1
216094,1507839301236444,1507839301000,3,308414,1507839532174,4,1,17,1,24,1
128945,1507839303245445,1507839303000,2,336245,1507839304676,4,1,17,1,20,5
128945,1507839303245445,1507839303000,2,272544,1507839334676,4,1,17,1,20,5
226378,1507839306192446,1507839306000,2,50569,1507839570197,4,3,2,1,24,1
226378,1507839306192446,1507839306000,2,285533,1507839600197,4,3,2,1,24,1
35102,1507839308107447,1507839308000,4,336245,1507840694418,4,1,17,1,14,2
35102,1507839308107447,1507839308000,4,20691,1507841374086,4,1,17,1,14,2
35102,1507839308107447,1507839308000,4,100924,1507841477705,4,1,17,1,14,1
35102,1507839308107447,1507839308000,4,159529,1507841507705,4,1,17,1,14,1
290750,1507839310294448,1507839310000,2,198384,1507839790328,4,3,2,1,21,1
290750,1507839310294448,1507839310000,2,336245,1507839820328,4,3,2,1,21,1
31509,1507839310426449,1507839310000,6,20691,1507841029415,4,1,17,1,25,2
31509,1507839310426449,1507839310000,6,215993,1507841069779,4,1,17,1,25,1
31509,1507839310426449,1507839310000,6,96074,1507841547089,4,1,17,1,25,2
31509,1507839310426449,1507839310000,6,336245,1507841590313,4,1,17,1,25,2
31509,1507839310426449,1507839310000,6,96210,1507862641210,4,1,17,1,25,2
31509,1507839310426449,1507839310000,6,337441,1507862671210,4,1,17,1,25,2
147471,1507839310366450,1507839310000,2,159529,1507841890375,4,1,17,1,25,2
147471,1507839310366450,1507839310000,2,111043,1507841920375,4,1,17,1,25,2
233014,1507839314142451,1507839314000,4,348093,1507839384339,4,3,20,1,7,2
233014,1507839314142451,1507839314000,4,96074,1507839468514,4,3,20,1,7,2
233014,1507839314142451,1507839314000,4,159529,1507839588037,4,3,20,1,7,2
233014,1507839314142451,1507839314000,4,233742,1507839618037,4,3,20,1,7,2
15502,1507839319369452,1507839319000,7,20691,1507841772473,4,4,20,1,13,2
15502,1507839319369452,1507839319000,7,84892,1507841890415,4,4,20,1,13,1
15502,1507839319369452,1507839319000,7,84914,1507842077343,4,4,20,1,13,1
15502,1507839319369452,1507839319000,7,83924,1507842197985,4,4,20,1,13,1
15502,1507839319369452,1507839319000,7,9308,1507842328918,4,4,20,1,13,1
15502,1507839319369452,1507839319000,7,288440,1507842559941,4,4,20,1,13,2
15502,1507839319369452,1507839319000,7,129642,1507842589941,4,4,20,1,13,2
199532,1507839319426453,1507839319000,2,348093,1507839358277,4,1,17,1,21,2
199532,1507839319426453,1507839319000,2,233742,1507839388277,4,1,17,1,21,2
20657,1507839321113454,1507839321000,2,348093,1507839339852,2,3,20,1,25,2
20657,1507839321113454,1507839321000,2,336245,1507839369852,2,3,20,1,25,2
144412,1507839329256455,1507839329000,2,50569,1507839560373,4,4,2,1,25,1
144412,1507839329256455,1507839329000,2,224354,1507839590373,4,4,2,1,25,1
290751,1507839330149456,1507839330000,2,233688,1507839510437,4,1,17,1,25,2
290751,1507839330149456,1507839330000,2,183176,1507839540437,4,1,17,1,25,2
290752,1507839330398457,1507839330000,3,233688,1507839503844,4,3,2,1,16,2
290752,1507839330398457,1507839330000,3,183176,1507839564539,4,3,2,1,16,2
290752,1507839330398457,1507839330000,3,336245,1507839594539,4,3,2,1,16,2
227411,1507839330377458,1507839330000,3,183176,1507840023846,4,3,2,1,21,1
227411,1507839330377458,1507839330000,3,156381,1507842262649,4,3,2,1,21,1
227411,1507839330377458,1507839330000,3,336245,1507842292649,4,3,2,1,21,1
290753,1507839330224459,1507839330000,4,233688,1507839330841,4,3,2,1,13,7
290753,1507839330224459,1507839330000,4,215993,1507839428727,4,3,2,1,13,1
290753,1507839330224459,1507839330000,4,160096,1507839556617,4,3,2,1,13,1
290753,1507839330224459,1507839330000,4,336245,1507839586617,4,3,2,1,13,1
155640,1507839331190460,1507839331000,2,285533,1507839336838,4,3,2,1,13,4
155640,1507839331190460,1507839331000,2,336245,1507839366838,4,3,2,1,13,4
83417,1507839331612461,1507839331000,2,355178,1507839557681,4,3,2,1,25,1
83417,1507839331612461,1507839331000,2,355163,1507839587681,4,3,2,1,25,1
290754,1507839331198462,1507839331000,2,183176,1507839954138,4,1,17,1,25,2
290754,1507839331198462,1507839331000,2,336245,1507839984138,4,1,17,1,25,2
290755,1507839333169463,1507839333000,2,159529,1507839372496,4,1,17,1,25,2
290755,1507839333169463,1507839333000,2,183176,1507839402496,4,1,17,1,25,2
290756,1507839337107464,1507839337000,2,348093,1507839369673,2,3,20,1,21,2
290756,1507839337107464,1507839337000,2,348112,1507839399673,2,3,20,1,21,2
290757,1507839337420465,1507839337000,3,348093,1507839366981,4,3,2,1,25,2
290757,1507839337420465,1507839337000,3,321078,1507839715737,4,3,2,1,25,1
290757,1507839337420465,1507839337000,3,320208,1507839745737,4,3,2,1,25,1
176312,1507839338411466,1507839338000,2,96074,1507839422455,4,3,2,1,13,2
176312,1507839338411466,1507839338000,2,183176,1507839452455,4,3,2,1,13,2
189546,1507839338361467,1507839338000,4,20691,1507842273245,4,3,2,1,25,2
189546,1507839338361467,1507839338000,4,288440,1507842659474,4,3,2,1,25,2
189546,1507839338361467,1507839338000,4,133159,1507842750575,4,3,2,1,25,1
189546,1507839338361467,1507839338000,4,233688,1507842780575,4,3,2,1,25,1
43809,1507839348193468,1507839348000,2,20691,1507841505196,4,3,2,1,25,2
43809,1507839348193468,1507839348000,2,233688,1507841535196,4,3,2,1,25,2
8418,1507839352353469,1507839352000,3,183176,1507839488003,4,3,2,1,18,2
8418,1507839352353469,1507839352000,3,200040,1507839780635,4,3,2,1,18,1
8418,1507839352353469,1507839352000,3,215993,1507839810635,4,3,2,1,18,1
290758,1507839353923470,1507839353000,2,159529,1507839388748,4,3,2,1,13,2
290758,1507839353923470,1507839353000,2,111043,1507839418748,4,3,2,1,13,2
32313,1507839353322471,1507839353000,2,336245,1507842379964,4,3,2,1,25,2
32313,1507839353322471,1507839353000,2,31805,1507842409964,4,3,2,1,25,2
225176,1507839354127472,1507839354000,2,362538,1507839398084,4,3,2,1,25,1
225176,1507839354127472,1507839354000,2,361532,1507839428084,4,3,2,1,25,1
165731,1507839359194473,1507839359000,3,73361,1507844808023,4,1,17,1,6,4
165731,1507839359194473,1507839359000,3,355163,1507844958795,4,1,17,1,6,1
165731,1507839359194473,1507839359000,3,50569,1507844988795,4,1,17,1,6,1
271368,1507839360175474,1507839360000,4,234390,1507839420162,4,1,17,1,21,1
271368,1507839360175474,1507839360000,4,233688,1507839612898,4,1,17,1,21,1
271368,1507839360175474,1507839360000,4,355163,1507840372825,4,1,17,1,21,1
271368,1507839360175474,1507839360000,4,336245,1507840402825,4,1,17,1,21,1
290759,1507839360190475,1507839360000,3,156381,1507839376131,4,3,2,1,13,1
290759,1507839360190475,1507839360000,3,283192,1507839618273,4,3,2,1,13,1
290759,1507839360190475,1507839360000,3,348093,1507839648273,4,3,2,1,13,1
98922,1507839363144476,1507839363000,4,96210,1507839376995,4,1,17,1,9,1
98922,1507839363144476,1507839363000,4,95947,1507839562699,4,1,17,1,9,1
98922,1507839363144476,1507839363000,4,95712,1507839627176,4,1,17,1,9,1
98922,1507839363144476,1507839363000,4,96242,1507839657176,4,1,17,1,9,1
21945,1507839368236477,1507839368000,7,159529,1507840816280,4,3,2,1,6,2
21945,1507839368236477,1507839368000,7,96210,1507841034786,4,3,2,1,6,1
21945,1507839368236477,1507839368000,7,96127,1507841100966,4,3,2,1,6,1
21945,1507839368236477,1507839368000,7,15653,1507841194159,4,3,2,1,6,1
21945,1507839368236477,1507839368000,7,14200,1507841299247,4,3,2,1,6,1
21945,1507839368236477,1507839368000,7,9308,1507841393587,4,3,2,1,6,1
21945,1507839368236477,1507839368000,7,233688,1507841423587,4,3,2,1,6,1
61902,1507839368280478,1507839368000,2,119522,1507839595840,4,1,17,1,21,5
61902,1507839368280478,1507839368000,2,96210,1507839625840,4,1,17,1,21,5
96474,1507839369342479,1507839369000,4,233742,1507839747206,4,1,17,1,25,2
96474,1507839369342479,1507839369000,4,183176,1507840393219,4,1,17,1,25,2
96474,1507839369342479,1507839369000,4,337263,1507840559100,4,1,17,1,25,1
96474,1507839369342479,1507839369000,4,9308,1507840589100,4,1,17,1,25,1
251436,1507839369103480,1507839369000,2,159529,1507839584691,4,1,17,1,21,2
251436,1507839369103480,1507839369000,2,336245,1507839614691,4,1,17,1,21,2
9993,1507839370972481,1507839370000,2,159529,1507839461497,4,3,2,1,11,2
9993,1507839370972481,1507839370000,2,111043,1507839491497,4,3,2,1,11,2
13407,1507839373256482,1507839373000,8,292631,1507839373544,4,1,17,1,25,1
13407,1507839373256482,1507839373000,8,265090,1507839493919,4,1,17,1,25,7
13407,1507839373256482,1507839373000,8,312701,1507839503354,4,1,17,1,25,7
13407,1507839373256482,1507839373000,8,177214,1507839517531,4,1,17,1,25,7
13407,1507839373256482,1507839373000,8,239514,1507839580816,4,1,17,1,25,7
13407,1507839373256482,1507839373000,8,242222,1507839604546,4,1,17,1,25,7
13407,1507839373256482,1507839373000,8,2786,1507839630773,4,1,17,1,25,7
13407,1507839373256482,1507839373000,8,198568,1507839660773,4,1,17,1,25,7
32943,1507839373269483,1507839373000,4,348093,1507839514342,4,1,17,1,25,2
32943,1507839373269483,1507839373000,4,96074,1507840003731,4,1,17,1,25,2
32943,1507839373269483,1507839373000,4,336245,1507840211701,4,1,17,1,25,1
32943,1507839373269483,1507839373000,4,233688,1507840241701,4,1,17,1,25,1
97038,1507839376193484,1507839376000,2,159529,1507839406677,4,1,17,1,17,2
97038,1507839376193484,1507839376000,2,233688,1507839436677,4,1,17,1,17,2
39666,1507839376227485,1507839376000,5,183176,1507839528647,4,4,20,1,20,7
39666,1507839376227485,1507839376000,5,156381,1507839606156,4,4,20,1,20,7
39666,1507839376227485,1507839376000,5,100924,1507841394896,4,4,20,1,20,1
39666,1507839376227485,1507839376000,5,336245,1507841919829,4,4,20,1,20,1
39666,1507839376227485,1507839376000,5,208562,1507841949829,4,4,20,1,20,1
94833,1507839379196486,1507839379000,2,96074,1507842958397,4,1,12,1,25,2
94833,1507839379196486,1507839379000,2,274881,1507842988397,4,1,12,1,25,2
174001,1507839380366487,1507839380000,2,159529,1507840196131,4,1,17,1,25,2
174001,1507839380366487,1507839380000,2,336245,1507840226131,4,1,17,1,25,2
290760,1507839382694488,1507839382000,2,159529,1507839625560,4,3,2,1,14,2
290760,1507839382694488,1507839382000,2,96074,1507839655560,4,3,2,1,14,2
65269,1507839384158489,1507839384000,2,348093,1507839433040,4,1,17,1,16,2
65269,1507839384158489,1507839384000,2,233688,1507839463040,4,1,17,1,16,2
18209,1507839385172490,1507839385000,2,285533,1507840313064,4,1,17,1,25,1
18209,1507839385172490,1507839385000,2,327984,1507840343064,4,1,17,1,25,1
290761,1507839389155491,1507839389000,2,297959,1507839451941,4,1,17,1,24,1
290761,1507839389155491,1507839389000,2,285533,1507839481941,4,1,17,1,24,1
107492,1507839389110492,1507839389000,2,159529,1507839448272,4,3,20,10,28,2
107492,1507839389110492,1507839389000,2,336245,1507839478272,4,3,20,10,28,2
192884,1507839392126493,1507839392000,2,348093,1507839429182,4,1,17,1,13,2
192884,1507839392126493,1507839392000,2,96074,1507839459182,4,1,17,1,13,2
101645,1507839399458494,1507839399000,2,336245,1507840192226,4,3,2,1,25,4
101645,1507839399458494,1507839399000,2,215993,1507840222226,4,3,2,1,25,4
6601,1507839400206495,1507839400000,6,293320,1507839698719,4,3,2,1,25,1
6601,1507839400206495,1507839400000,6,293348,1507839854406,4,3,2,1,25,1
6601,1507839400206495,1507839400000,6,288251,1507840261128,4,3,2,1,25,1
6601,1507839400206495,1507839400000,6,327118,1507840355142,4,3,2,1,25,1
6601,1507839400206495,1507839400000,6,50611,1507840498975,4,3,2,1,25,1
6601,1507839400206495,1507839400000,6,233688,1507840528975,4,3,2,1,25,1
147455,1507839402336496,1507839402000,9,336245,1507839403705,4,1,17,1,13,5
147455,1507839402336496,1507839402000,9,233688,1507839496341,4,1,17,1,13,1
147455,1507839402336496,1507839402000,9,348112,1507839514018,4,1,17,1,13,1
147455,1507839402336496,1507839402000,9,348093,1507839524319,4,1,17,1,13,1
147455,1507839402336496,1507839402000,9,160363,1507840496444,4,1,17,1,13,1
147455,1507839402336496,1507839402000,9,285533,1507840610626,4,1,17,1,13,1
147455,1507839402336496,1507839402000,9,20691,1507845512389,4,1,17,1,13,2
147455,1507839402336496,1507839402000,9,288440,1507845536928,4,1,17,1,13,2
147455,1507839402336496,1507839402000,9,159529,1507845566928,4,1,17,1,13,2
194985,1507839405262497,1507839405000,2,327984,1507839405127,4,3,20,10,28,2
194985,1507839405262497,1507839405000,2,233742,1507839435127,4,3,20,10,28,2
20859,1507839405234498,1507839405000,2,159529,1507839431803,4,3,20,1,21,2
20859,1507839405234498,1507839405000,2,336245,1507839461803,4,3,20,1,21,2
11539,1507839407219499,1507839407000,2,288440,1507844128603,4,1,17,1,16,2
11539,1507839407219499,1507839407000,2,336245,1507844158603,4,1,17,1,16,2
290762,1507839408149500,1507839408000,2,160142,1507840156929,4,1,17,1,25,6
290762,1507839408149500,1507839408000,2,74722,1507840186929,4,1,17,1,25,6
230362,1507839408243501,1507839408000,2,20691,1507843361680,4,1,17,1,21,2
230362,1507839408243501,1507839408000,2,336245,1507843391680,4,1,17,1,21,2
160442,1507839408304502,1507839408000,2,186047,1507839504293,4,3,2,1,17,1
160442,1507839408304502,1507839408000,2,195232,1507839534293,4,3,2,1,17,1
172368,1507839408239503,1507839408000,2,20691,1507845798902,4,1,17,1,19,2
172368,1507839408239503,1507839408000,2,288440,1507845828902,4,1,17,1,19,2
38125,1507839410263504,1507839410000,6,96103,1507839506456,4,3,2,1,9,1
38125,1507839410263504,1507839410000,6,284584,1507841052102,4,3,2,1,9,1
38125,1507839410263504,1507839410000,6,96210,1507841077929,4,3,2,1,9,1
38125,1507839410263504,1507839410000,6,288440,1507841254719,4,3,2,1,9,1
38125,1507839410263504,1507839410000,6,194920,1507841508020,4,3,2,1,9,1
38125,1507839410263504,1507839410000,6,336245,1507841538020,4,3,2,1,9,1
290763,1507839410138505,1507839410000,2,20691,1507839430987,4,1,17,1,14,1
290763,1507839410138505,1507839410000,2,233742,1507839460987,4,1,17,1,14,1
21245,1507839413844506,1507839413000,2,348093,1507839434262,4,3,2,1,13,2
21245,1507839413844506,1507839413000,2,96074,1507839464262,4,3,2,1,13,2
290764,1507839414199507,1507839414000,3,250000,1507839439666,4,3,2,1,21,1
290764,1507839414199507,1507839414000,3,250235,1507839502251,4,3,2,1,21,1
290764,1507839414199507,1507839414000,3,251169,1507839532251,4,3,2,1,21,1
101617,1507839414165508,1507839414000,2,96074,1507839441446,4,1,17,1,20,2
101617,1507839414165508,1507839414000,2,336245,1507839471446,4,1,17,1,20,2
154505,1507839415477509,1507839415000,2,176851,1507839482086,4,3,2,1,4,1
154505,1507839415477509,1507839415000,2,172294,1507839512086,4,3,2,1,4,1
20302,1507839416149510,1507839416000,4,50569,1507839863092,4,1,17,1,5,1
20302,1507839416149510,1507839416000,4,297959,1507840613131,4,1,17,1,5,1
20302,1507839416149510,1507839416000,4,300300,1507840960938,4,1,17,1,5,1
20302,1507839416149510,1507839416000,4,294110,1507840990938,4,1,17,1,5,1
2810,1507839416370511,1507839416000,4,336245,1507840392409,4,1,17,1,25,2
2810,1507839416370511,1507839416000,4,233688,1507840859443,4,1,17,1,25,1
2810,1507839416370511,1507839416000,4,283505,1507841183565,4,1,17,1,25,1
2810,1507839416370511,1507839416000,4,20691,1507841213565,4,1,17,1,25,1
290765,1507839419712512,1507839419000,2,96210,1507839419176,4,3,20,1,25,6
290765,1507839419712512,1507839419000,2,283192,1507839449176,4,3,20,1,25,6
200333,1507839420123513,1507839420000,3,296851,1507839423058,4,1,17,1,13,5
200333,1507839420123513,1507839420000,3,123832,1507839950240,4,1,17,1,13,6
200333,1507839420123513,1507839420000,3,234006,1507839980240,4,1,17,1,13,6
12418,1507839422116514,1507839422000,3,183176,1507840213913,4,3,2,1,21,2
12418,1507839422116514,1507839422000,3,233688,1507840276468,4,3,2,1,21,2
12418,1507839422116514,1507839422000,3,233742,1507840306468,4,3,2,1,21,2
41789,1507839423341515,1507839423000,4,234192,1507839476520,4,3,2,1,21,1
41789,1507839423341515,1507839423000,4,156381,1507839593617,4,3,2,1,21,1
41789,1507839423341515,1507839423000,4,348114,1507839655977,4,3,2,1,21,1
41789,1507839423341515,1507839423000,4,348123,1507839685977,4,3,2,1,21,1
13629,1507839423276516,1507839423000,2,336245,1507839508958,4,1,17,1,21,2
13629,1507839423276516,1507839423000,2,234987,1507839538958,4,1,17,1,21,2
104,1507839425399517,1507839425000,2,96210,1507839437225,4,3,2,1,5,1
104,1507839425399517,1507839425000,2,32444,1507839467225,4,3,2,1,5,1
33452,1507839425481518,1507839425000,2,123960,1507839425583,4,3,2,1,13,4
33452,1507839425481518,1507839425000,2,96210,1507839455583,4,3,2,1,13,4
175518,1507839426340519,1507839426000,5,236512,1507839488362,4,4,20,1,21,1
175518,1507839426340519,1507839426000,5,50569,1507839616362,4,4,20,1,21,1
175518,1507839426340519,1507839426000,5,285533,1507842248177,4,4,20,1,21,1
175518,1507839426340519,1507839426000,5,214084,1507842337319,4,4,20,1,21,1
175518,1507839426340519,1507839426000,5,336245,1507842367319,4,4,20,1,21,1
214073,1507839429319520,1507839429000,3,348093,1507839572073,4,1,17,1,8,2
214073,1507839429319520,1507839429000,3,233742,1507839609885,4,1,17,1,8,2
214073,1507839429319520,1507839429000,3,336245,1507839639885,4,1,17,1,8,2
62748,1507839432388521,1507839432000,2,233688,1507839677061,4,3,2,1,9,2
62748,1507839432388521,1507839432000,2,215993,1507839707061,4,3,2,1,9,2
234423,1507839434182522,1507839434000,2,159529,1507839434398,4,3,2,1,13,2
234423,1507839434182522,1507839434000,2,156381,1507839464398,4,3,2,1,13,2
290766,1507839436665523,1507839436000,2,336245,1507839881519,4,4,2,10,28,2
290766,1507839436665523,1507839436000,2,74722,1507839911519,4,4,2,10,28,2
290767,1507839436276524,1507839436000,2,158094,1507839436968,4,1,12,1,16,5
290767,1507839436276524,1507839436000,2,336245,1507839466968,4,1,12,1,16,5
287532,1507839436764525,1507839436000,2,76026,1507839439597,4,1,17,1,7,5
287532,1507839436764525,1507839436000,2,206104,1507839469597,4,1,17,1,7,5
95319,1507839437303526,1507839437000,7,233742,1507840908464,4,1,17,1,25,2
95319,1507839437303526,1507839437000,7,20691,1507841912146,4,1,17,1,25,2
95319,1507839437303526,1507839437000,7,288440,1507842061696,4,1,17,1,25,2
95319,1507839437303526,1507839437000,7,159529,1507842233894,4,1,17,1,25,2
95319,1507839437303526,1507839437000,7,337441,1507861172503,4,1,17,1,25,2
95319,1507839437303526,1507839437000,7,135941,1507861270568,4,1,17,1,25,1
95319,1507839437303526,1507839437000,7,256772,1507861300568,4,1,17,1,25,1
290768,1507839439331527,1507839439000,3,348093,1507841196692,4,1,12,1,25,2
290768,1507839439331527,1507839439000,3,20691,1507841275343,4,1,12,1,25,2
290768,1507839439331527,1507839439000,3,336245,1507841305343,4,1,12,1,25,2
37181,1507839440203528,1507839440000,2,183176,1507839885555,4,3,2,1,8,1
37181,1507839440203528,1507839440000,2,96210,1507839915555,4,3,2,1,8,1
79278,1507839442752529,1507839442000,2,31933,1507839445022,4,1,17,1,25,5
79278,1507839442752529,1507839442000,2,341720,1507839475022,4,1,17,1,25,5
290769,1507839444200530,1507839444000,7,355163,1507839742857,4,1,12,1,21,7
290769,1507839444200530,1507839444000,7,355166,1507839950323,4,1,12,1,21,7
290769,1507839444200530,1507839444000,7,336245,1507839955943,4,1,12,1,21,7
290769,1507839444200530,1507839444000,7,285533,1507840095190,4,1,12,1,21,7
290769,1507839444200530,1507839444000,7,31187,1507840102786,4,1,12,1,21,7
290769,1507839444200530,1507839444000,7,50569,1507840114073,4,1,12,1,21,7
290769,1507839444200530,1507839444000,7,157973,1507840144073,4,1,12,1,21,7
91297,1507839447640531,1507839447000,3,156381,1507840481429,4,1,17,1,24,1
91297,1507839447640531,1507839447000,3,50569,1507840524012,4,1,17,1,24,1
91297,1507839447640531,1507839447000,3,161873,1507840554012,4,1,17,1,24,1
63105,1507839451277532,1507839451000,3,59716,1507839473275,4,1,17,1,8,1
63105,1507839451277532,1507839451000,3,59723,1507842046800,4,1,17,1,8,1
63105,1507839451277532,1507839451000,3,348093,1507842076800,4,1,17,1,8,1
79458,1507839455299533,1507839455000,2,336245,1507839742769,4,1,17,1,25,2
79458,1507839455299533,1507839455000,2,96074,1507839772769,4,1,17,1,25,2
32255,1507839456241534,1507839456000,2,274347,1507839457690,4,3,20,1,25,7
32255,1507839456241534,1507839456000,2,96074,1507839487690,4,3,20,1,25,7
290770,1507839456156535,1507839456000,2,183176,1507839680895,4,4,2,1,21,2
290770,1507839456156535,1507839456000,2,336245,1507839710895,4,4,2,1,21,2
287840,1507839457403536,1507839457000,2,159529,1507839481350,4,3,20,1,21,2
287840,1507839457403536,1507839457000,2,348093,1507839511350,4,3,20,1,21,2
98111,1507839459376537,1507839459000,4,233742,1507839497720,4,1,17,1,20,2
98111,1507839459376537,1507839459000,4,272962,1507839545223,4,1,17,1,20,1
98111,1507839459376537,1507839459000,4,270885,1507839583913,4,1,17,1,20,1
98111,1507839459376537,1507839459000,4,233688,1507839613913,4,1,17,1,20,1
116415,1507839460671538,1507839460000,3,233742,1507839673149,4,1,17,1,25,2
116415,1507839460671538,1507839460000,3,96210,1507840007560,4,1,17,1,25,6
116415,1507839460671538,1507839460000,3,96074,1507840037560,4,1,17,1,25,6
290771,1507839461183539,1507839461000,2,233688,1507841579223,4,3,20,1,21,2
290771,1507839461183539,1507839461000,2,84892,1507841609223,4,3,20,1,21,2
116074,1507839466308540,1507839466000,2,96210,1507839523355,4,1,17,1,24,6
116074,1507839466308540,1507839466000,2,96242,1507839553355,4,1,17,1,24,6
229620,1507839467364541,1507839467000,2,288251,1507839493307,4,3,20,1,25,1
229620,1507839467364541,1507839467000,2,327118,1507839523307,4,3,20,1,25,1
191185,1507839467374542,1507839467000,2,34667,1507840196343,4,3,20,1,16,5
191185,1507839467374542,1507839467000,2,34446,1507840226343,4,3,20,1,16,5
288673,1507839467165543,1507839467000,2,183176,1507839693426,4,3,2,1,27,2
288673,1507839467165543,1507839467000,2,215993,1507839723426,4,3,2,1,27,2
4495,1507839473157544,1507839473000,3,156381,1507839489488,4,1,17,1,21,1
4495,1507839473157544,1507839473000,3,236512,1507839550497,4,1,17,1,21,1
4495,1507839473157544,1507839473000,3,355157,1507839580497,4,1,17,1,21,1
24207,1507839477673545,1507839477000,7,96074,1507839574836,4,3,20,1,25,2
24207,1507839477673545,1507839477000,7,111043,1507840251713,4,3,20,1,25,2
24207,1507839477673545,1507839477000,7,9308,1507840684817,4,3,20,1,25,1
24207,1507839477673545,1507839477000,7,96127,1507840975375,4,3,20,1,25,1
24207,1507839477673545,1507839477000,7,20691,1507842600506,4,3,20,1,25,2
24207,1507839477673545,1507839477000,7,288440,1507842825192,4,3,20,1,25,1
24207,1507839477673545,1507839477000,7,96103,1507842855192,4,3,20,1,25,1
290772,1507839479328546,1507839479000,2,348093,1507841847038,4,1,17,1,25,2
290772,1507839479328546,1507839479000,2,336245,1507841877038,4,1,17,1,25,2
10336,1507839481519547,1507839481000,5,96074,1507839529090,4,1,17,1,13,2
10336,1507839481519547,1507839481000,5,159529,1507840080697,4,1,17,1,13,2
10336,1507839481519547,1507839481000,5,9308,1507840180727,4,1,17,1,13,1
10336,1507839481519547,1507839481000,5,7759,1507840377384,4,1,17,1,13,1
10336,1507839481519547,1507839481000,5,74722,1507840407384,4,1,17,1,13,1
132098,1507839481321548,1507839481000,2,299780,1507839622263,4,1,17,1,24,1
132098,1507839481321548,1507839481000,2,74722,1507839652263,4,1,17,1,24,1
270743,1507839483201549,1507839483000,2,348093,1507839593833,4,3,20,1,14,2
270743,1507839483201549,1507839483000,2,202522,1507839623833,4,3,20,1,14,2
290773,1507839490163550,1507839490000,4,183176,1507841650134,4,1,17,1,16,2
290773,1507839490163550,1507839490000,4,288440,1507843060770,4,1,17,1,16,2
290773,1507839490163550,1507839490000,4,336245,1507843100306,4,1,17,1,16,2
290773,1507839490163550,1507839490000,4,111043,1507843130306,4,1,17,1,16,2
96954,1507839491425551,1507839491000,2,262171,1507839491584,4,3,2,1,14,4
96954,1507839491425551,1507839491000,2,263265,1507839521584,4,3,2,1,14,4
243873,1507839491273552,1507839491000,2,156381,1507840900085,4,1,17,1,16,1
243873,1507839491273552,1507839491000,2,50569,1507840930085,4,1,17,1,16,1
290774,1507839494364553,1507839494000,2,332670,1507839494848,4,1,17,1,25,5
290774,1507839494364553,1507839494000,2,331001,1507839524848,4,1,17,1,25,5
290775,1507839498211554,1507839498000,2,159529,1507839661384,4,3,2,1,14,2
290775,1507839498211554,1507839498000,2,96074,1507839691384,4,3,2,1,14,2
4129,1507839503157555,1507839503000,2,31805,1507847056952,2,4,2,1,16,1
4129,1507839503157555,1507839503000,2,348100,1507847086952,2,4,2,1,16,1
147919,1507839513106556,1507839513000,4,156381,1507839759757,4,1,17,1,25,1
147919,1507839513106556,1507839513000,4,158094,1507840025251,4,1,17,1,25,1
147919,1507839513106556,1507839513000,4,205873,1507843092221,4,1,17,1,25,1
147919,1507839513106556,1507839513000,4,348100,1507843122221,4,1,17,1,25,1
9527,1507839516215557,1507839516000,2,183176,1507839689664,4,3,2,10,28,2
9527,1507839516215557,1507839516000,2,336245,1507839719664,4,3,2,10,28,2
27454,1507839520910558,1507839520000,2,348093,1507839537972,4,3,20,1,7,2
27454,1507839520910558,1507839520000,2,336245,1507839567972,4,3,20,1,7,2
290776,1507839521346559,1507839521000,2,50569,1507839612955,4,1,17,1,13,1
290776,1507839521346559,1507839521000,2,277139,1507839642955,4,1,17,1,13,1
290777,1507839524356560,1507839524000,2,31187,1507839524810,4,3,20,1,5,7
290777,1507839524356560,1507839524000,2,215993,1507839554810,4,3,20,1,5,7
11806,1507839524335561,1507839524000,2,233742,1507839752939,4,1,12,10,28,2
11806,1507839524335561,1507839524000,2,183176,1507839782939,4,1,12,10,28,2
250239,1507839529313562,1507839529000,2,233742,1507840562507,4,3,2,1,25,2
250239,1507839529313562,1507839529000,2,336245,1507840592507,4,3,2,1,25,2
290778,1507839531398563,1507839531000,3,205873,1507840299852,4,3,20,1,7,1
290778,1507839531398563,1507839531000,3,336245,1507840337297,4,3,20,1,7,1
290778,1507839531398563,1507839531000,3,361878,1507840367297,4,3,20,1,7,1
10206,1507839532261564,1507839532000,2,20691,1507841116775,4,3,20,1,25,2
10206,1507839532261564,1507839532000,2,233688,1507841146775,4,3,20,1,25,2
290779,1507839535224565,1507839535000,2,272544,1507839917845,4,3,2,1,20,1
290779,1507839535224565,1507839535000,2,183176,1507839947845,4,3,2,1,20,1
34799,1507839535280566,1507839535000,3,348093,1507839698285,4,1,17,1,20,2
34799,1507839535280566,1507839535000,3,96074,1507839804196,4,1,17,1,20,2
34799,1507839535280566,1507839535000,3,111043,1507839834196,4,1,17,1,20,2
1856,1507839541300567,1507839541000,5,283192,1507839617441,2,4,2,1,25,1
1856,1507839541300567,1507839541000,5,285130,1507839697475,2,4,2,1,25,1
1856,1507839541300567,1507839541000,5,96127,1507839771690,2,4,2,1,25,1
1856,1507839541300567,1507839541000,5,331635,1507840439639,2,4,2,1,25,1
1856,1507839541300567,1507839541000,5,20691,1507840469639,2,4,2,1,25,1
193957,1507839541360568,1507839541000,2,183176,1507839642042,4,3,2,1,13,2
193957,1507839541360568,1507839541000,2,96210,1507839672042,4,3,2,1,13,2
290780,1507839546121569,1507839546000,2,348093,1507839858470,4,3,20,1,13,2
290780,1507839546121569,1507839546000,2,336245,1507839888470,4,3,20,1,13,2
234481,1507839550411570,1507839550000,2,348093,1507839840836,4,3,2,1,25,2
234481,1507839550411570,1507839550000,2,159529,1507839870836,4,3,2,1,25,2
15817,1507839552145571,1507839552000,2,31808,1507839906599,4,3,20,1,5,1
15817,1507839552145571,1507839552000,2,31618,1507839936599,4,3,20,1,5,1
290781,1507839555116572,1507839555000,2,336245,1507839555208,4,4,2,1,20,4
290781,1507839555116572,1507839555000,2,9308,1507839585208,4,4,2,1,20,4
218152,1507839557149573,1507839557000,2,160142,1507839566468,4,3,2,1,21,6
218152,1507839557149573,1507839557000,2,327984,1507839596468,4,3,2,1,21,6
14220,1507839561152574,1507839561000,2,336245,1507839693880,4,3,2,1,12,2
14220,1507839561152574,1507839561000,2,215993,1507839723880,4,3,2,1,12,2
831,1507839563351575,1507839563000,2,156381,1507839565664,4,3,20,10,28,1
831,1507839563351575,1507839563000,2,162276,1507839595664,4,3,20,10,28,1
191461,1507839564277576,1507839564000,2,42761,1507839628657,4,3,2,1,13,7
191461,1507839564277576,1507839564000,2,40494,1507839658657,4,3,2,1,13,7
20593,1507839569526577,1507839569000,2,233688,1507840610899,4,1,17,1,25,2
20593,1507839569526577,1507839569000,2,84429,1507840640899,4,1,17,1,25,2
71042,1507839569125578,1507839569000,3,348081,1507839614376,4,1,17,1,25,1
71042,1507839569125578,1507839569000,3,348093,1507839714474,4,1,17,1,25,1
71042,1507839569125578,1507839569000,3,348089,1507839744474,4,1,17,1,25,1
269767,1507839573338579,1507839573000,2,348093,1507839618872,4,3,2,1,21,2
269767,1507839573338579,1507839573000,2,233688,1507839648872,4,3,2,1,21,2
290782,1507839576271580,1507839576000,2,270680,1507839593175,4,3,2,1,20,6
290782,1507839576271580,1507839576000,2,270547,1507839623175,4,3,2,1,20,6
907,1507839576400581,1507839576000,3,96074,1507839611610,4,1,12,10,28,2
907,1507839576400581,1507839576000,3,336245,1507839676324,4,1,12,10,28,2
907,1507839576400581,1507839576000,3,233742,1507839706324,4,1,12,10,28,2
56200,1507839582230582,1507839582000,2,111043,1507839739119,4,3,20,7,28,2
56200,1507839582230582,1507839582000,2,183176,1507839769119,4,3,20,7,28,2
17627,1507839582307583,1507839582000,2,159529,1507840832945,4,3,20,1,5,2
17627,1507839582307583,1507839582000,2,20691,1507840862945,4,3,20,1,5,2
173743,1507839583397584,1507839583000,2,159529,1507840350949,4,3,2,1,9,2
173743,1507839583397584,1507839583000,2,96074,1507840380949,4,3,2,1,9,2
124944,1507839588349585,1507839588000,3,271262,1507913613494,4,1,17,1,13,2
124944,1507839588349585,1507839588000,3,65991,1507940092306,4,1,17,1,13,2
124944,1507839588349585,1507839588000,3,66139,1507940122306,4,1,17,1,13,2
229524,1507839590948586,1507839590000,2,42737,1507841212436,4,3,2,1,16,1
229524,1507839590948586,1507839590000,2,41167,1507841242436,4,3,2,1,16,1
148570,1507839592947587,1507839592000,3,336245,1507839658262,4,3,20,1,25,2
148570,1507839592947587,1507839592000,3,355167,1507841755109,4,3,20,1,25,1
148570,1507839592947587,1507839592000,3,327984,1507841785109,4,3,20,1,25,1
1450,1507839598923588,1507839598000,2,96074,1507839820948,4,3,20,1,25,2
1450,1507839598923588,1507839598000,2,159529,1507839850948,4,3,20,1,25,2
290783,1507839601486589,1507839601000,2,224714,1507842786770,4,4,2,1,14,1
290783,1507839601486589,1507839601000,2,283192,1507842816770,4,4,2,1,14,1
290784,1507839605113590,1507839605000,2,233688,1507839808279,4,4,20,1,21,2
290784,1507839605113590,1507839605000,2,235870,1507839838279,4,4,20,1,21,2
143696,1507839606583591,1507839606000,3,100924,1507839731893,4,4,2,1,21,1
143696,1507839606583591,1507839606000,3,211723,1507839909020,4,4,2,1,21,1
143696,1507839606583591,1507839606000,3,336245,1507839939020,4,4,2,1,21,1
28777,1507839607761592,1507839607000,2,20691,1507842228571,4,1,17,1,25,2
28777,1507839607761592,1507839607000,2,205873,1507842258571,4,1,17,1,25,2
151811,1507839608324593,1507839608000,2,336245,1507839785949,4,1,17,1,25,2
151811,1507839608324593,1507839608000,2,20691,1507839815949,4,1,17,1,25,2
157230,1507839610326594,1507839610000,3,336245,1507839843778,4,1,17,1,16,2
157230,1507839610326594,1507839610000,3,111043,1507839930527,4,1,17,1,16,2
157230,1507839610326594,1507839610000,3,183176,1507839960527,4,1,17,1,16,2
13248,1507839612286595,1507839612000,5,224824,1507839650459,4,3,2,1,16,1
13248,1507839612286595,1507839612000,5,223947,1507839723605,4,3,2,1,16,1
13248,1507839612286595,1507839612000,5,218350,1507839950187,4,3,2,1,16,1
13248,1507839612286595,1507839612000,5,70214,1507840251655,4,3,2,1,16,1
13248,1507839612286595,1507839612000,5,225402,1507840281655,4,3,2,1,16,1
146342,1507839612137596,1507839612000,2,205873,1507839680121,4,3,2,1,4,1
146342,1507839612137596,1507839612000,2,272311,1507839710121,4,3,2,1,4,1
109356,1507839614179597,1507839614000,3,288440,1507843331666,4,3,2,1,13,2
109356,1507839614179597,1507839614000,3,96210,1507856148049,4,3,2,1,13,2
109356,1507839614179597,1507839614000,3,15653,1507856178049,4,3,2,1,13,2
21530,1507839618312598,1507839618000,3,205873,1507841238728,4,1,17,1,25,1
21530,1507839618312598,1507839618000,3,31187,1507843482978,4,1,17,1,25,1
21530,1507839618312598,1507839618000,3,48485,1507843512978,4,1,17,1,25,1
279650,1507839618278599,1507839618000,3,159529,1507839892940,4,1,17,1,21,2
279650,1507839618278599,1507839618000,3,233742,1507840038317,4,1,17,1,21,2
279650,1507839618278599,1507839618000,3,20691,1507840068317,4,1,17,1,21,2
248013,1507839623400600,1507839623000,3,160096,1507839623199,4,3,2,1,13,4
248013,1507839623400600,1507839623000,3,348109,1507839825684,4,3,2,1,13,1
248013,1507839623400600,1507839623000,3,31808,1507839855684,4,3,2,1,13,1
222723,1507839624106601,1507839624000,2,205873,1507839651455,4,1,17,1,20,1
222723,1507839624106601,1507839624000,2,31187,1507839681455,4,1,17,1,20,1
34052,1507839625338602,1507839625000,2,283192,1507839902286,4,1,17,1,24,1
34052,1507839625338602,1507839625000,2,233742,1507839932286,4,1,17,1,24,1
290785,1507839626314603,1507839626000,3,199153,1507840843769,4,3,2,1,18,1
290785,1507839626314603,1507839626000,3,9308,1507840961635,4,3,2,1,18,1
290785,1507839626314603,1507839626000,3,199822,1507840991635,4,3,2,1,18,1
252778,1507839626155604,1507839626000,2,233742,1507839952442,4,1,17,1,25,2
252778,1507839626155604,1507839626000,2,336245,1507839982442,4,1,17,1,25,2
195409,1507839628121605,1507839628000,2,233742,1507839805618,4,3,20,1,8,2
195409,1507839628121605,1507839628000,2,336245,1507839835618,4,3,20,1,8,2
230260,1507839629348606,1507839629000,3,159529,1507839735384,4,1,13,1,16,2
230260,1507839629348606,1507839629000,3,50569,1507839860727,4,1,13,1,16,1
230260,1507839629348606,1507839629000,3,158512,1507839890727,4,1,13,1,16,1
60121,1507839629226607,1507839629000,2,96074,1507839665110,4,3,2,1,19,2
60121,1507839629226607,1507839629000,2,336245,1507839695110,4,3,2,1,19,2
119880,1507839633260608,1507839633000,2,111043,1507840215332,4,3,2,1,24,2
119880,1507839633260608,1507839633000,2,183176,1507840245332,4,3,2,1,24,2
229726,1507839634214609,1507839634000,3,336245,1507839672290,4,1,17,1,2,2
229726,1507839634214609,1507839634000,3,348123,1507839782663,4,1,17,1,2,1
229726,1507839634214609,1507839634000,3,156736,1507839812663,4,1,17,1,2,1
159948,1507839635122610,1507839635000,2,96074,1507839650468,4,3,2,1,6,2
159948,1507839635122610,1507839635000,2,336245,1507839680468,4,3,2,1,6,2
19204,1507839635113611,1507839635000,3,288440,1507841934957,4,3,20,1,25,2
19204,1507839635113611,1507839635000,3,20691,1507842177972,4,3,20,1,25,2
19204,1507839635113611,1507839635000,3,215993,1507842207972,4,3,20,1,25,2
236770,1507839640500612,1507839640000,3,96074,1507839667146,4,1,17,1,21,2
236770,1507839640500612,1507839640000,3,348093,1507839667841,4,1,17,1,21,2
236770,1507839640500612,1507839640000,3,336245,1507839697841,4,1,17,1,21,2
180204,1507839642229613,1507839642000,2,183176,1507839799847,4,1,17,1,25,2
180204,1507839642229613,1507839642000,2,111043,1507839829847,4,1,17,1,25,2
173486,1507839643192614,1507839643000,2,348093,1507839684929,4,3,2,1,13,2
173486,1507839643192614,1507839643000,2,96074,1507839714929,4,3,2,1,13,2
51474,1507839644973615,1507839644000,9,355163,1507839753760,4,1,17,1,17,1
51474,1507839644973615,1507839644000,9,157973,1507840076820,4,1,17,1,17,1
51474,1507839644973615,1507839644000,9,336245,1507840106694,4,1,17,1,17,1
51474,1507839644973615,1507839644000,9,96210,1507840387606,4,1,17,1,17,1
51474,1507839644973615,1507839644000,9,348112,1507840410150,4,1,17,1,17,1
51474,1507839644973615,1507839644000,9,233742,1507840640998,4,1,17,1,17,1
51474,1507839644973615,1507839644000,9,355161,1507840643962,4,1,17,1,17,1
51474,1507839644973615,1507839644000,9,156736,1507840646844,4,1,17,1,17,1
51474,1507839644973615,1507839644000,9,84914,1507840676844,4,1,17,1,17,1
290786,1507839644368616,1507839644000,2,336245,1507839663819,4,1,17,1,9,2
290786,1507839644368616,1507839644000,2,95947,1507839693819,4,1,17,1,9,2
290787,1507839646424617,1507839646000,2,348093,1507839687583,4,1,17,1,13,2
290787,1507839646424617,1507839646000,2,233688,1507839717583,4,1,17,1,13,2
41187,1507839647300618,1507839647000,3,233688,1507840351939,4,3,2,1,6,2
41187,1507839647300618,1507839647000,3,111043,1507840459518,4,3,2,1,6,2
41187,1507839647300618,1507839647000,3,183176,1507840489518,4,3,2,1,6,2
125847,1507839648593619,1507839648000,2,348093,1507839710854,4,3,2,1,24,2
125847,1507839648593619,1507839648000,2,29764,1507839740854,4,3,2,1,24,2
23161,1507839650191620,1507839650000,2,336245,1507839770148,4,1,17,1,25,2
23161,1507839650191620,1507839650000,2,96074,1507839800148,4,1,17,1,25,2
154871,1507839655127621,1507839655000,2,156381,1507839669607,4,1,17,1,24,1
154871,1507839655127621,1507839655000,2,297959,1507839699607,4,1,17,1,24,1
192070,1507839657324622,1507839657000,2,348093,1507839699438,4,1,17,1,25,2
192070,1507839657324622,1507839657000,2,96074,1507839729438,4,1,17,1,25,2
290414,1507839660221623,1507839660000,3,234390,1507839705187,4,1,17,1,21,1
290414,1507839660221623,1507839660000,3,336245,1507839852822,4,1,17,1,21,1
290414,1507839660221623,1507839660000,3,233742,1507839882822,4,1,17,1,21,1
32862,1507839662352624,1507839662000,7,96074,1507839746213,4,3,20,1,13,2
32862,1507839662352624,1507839662000,7,348112,1507839946696,4,3,20,1,13,1
32862,1507839662352624,1507839662000,7,233742,1507840161638,4,3,20,1,13,2
32862,1507839662352624,1507839662000,7,348089,1507840603707,4,3,20,1,13,1
32862,1507839662352624,1507839662000,7,31187,1507840843864,4,3,20,1,13,1
32862,1507839662352624,1507839662000,7,277139,1507840984348,4,3,20,1,13,1
32862,1507839662352624,1507839662000,7,42430,1507841014348,4,3,20,1,13,1
126059,1507839665384625,1507839665000,2,336245,1507839894904,4,3,2,1,25,2
126059,1507839665384625,1507839665000,2,9308,1507839924904,4,3,2,1,25,2
7249,1507839665185626,1507839665000,2,96074,1507839885496,2,4,2,1,25,2
7249,1507839665185626,1507839665000,2,348093,1507839915496,2,4,2,1,25,2
113529,1507839671325627,1507839671000,3,159529,1507839902193,4,3,2,1,20,2
113529,1507839671325627,1507839671000,3,288440,1507841834804,4,3,2,1,20,2
113529,1507839671325627,1507839671000,3,336245,1507841864804,4,3,2,1,20,2
145855,1507839674329628,1507839674000,7,348093,1507840148429,4,1,17,1,16,2
145855,1507839674329628,1507839674000,7,96074,1507841416868,4,1,17,1,16,2
145855,1507839674329628,1507839674000,7,183176,1507843965947,4,1,17,1,16,2
145855,1507839674329628,1507839674000,7,118577,1507844168945,4,1,17,1,16,1
145855,1507839674329628,1507839674000,7,216434,1507844315746,4,1,17,1,16,4
145855,1507839674329628,1507839674000,7,218331,1507844502419,4,1,17,1,16,1
145855,1507839674329628,1507839674000,7,224702,1507844532419,4,1,17,1,16,1
229387,1507839675177629,1507839675000,2,156381,1507839676470,4,1,17,1,9,5
229387,1507839675177629,1507839675000,2,205873,1507839706470,4,1,17,1,9,5
20137,1507839681261630,1507839681000,3,159529,1507839915446,4,3,2,1,25,2
20137,1507839681261630,1507839681000,3,233742,1507840300790,4,3,2,1,25,2
20137,1507839681261630,1507839681000,3,336245,1507840330790,4,3,2,1,25,2
213463,1507839682133631,1507839682000,2,183176,1507839766269,4,3,20,1,25,1
213463,1507839682133631,1507839682000,2,352265,1507839796269,4,3,20,1,25,1
150785,1507839682116632,1507839682000,2,183176,1507839851332,4,3,2,1,5,2
150785,1507839682116632,1507839682000,2,336245,1507839881332,4,3,2,1,5,2
97869,1507839683256633,1507839683000,2,20691,1507841603748,4,3,20,1,25,2
97869,1507839683256633,1507839683000,2,233742,1507841633748,4,3,20,1,25,2
197560,1507839689289634,1507839689000,2,348093,1507839735344,4,3,2,1,13,2
197560,1507839689289634,1507839689000,2,348112,1507839765344,4,3,2,1,13,2
2259,1507839690109635,1507839690000,4,211732,1507839697682,4,4,20,1,17,1
2259,1507839690109635,1507839690000,4,122208,1507840031044,4,4,20,1,17,1
2259,1507839690109635,1507839690000,4,70731,1507840872194,4,4,20,1,17,1
2259,1507839690109635,1507839690000,4,108857,1507840902194,4,4,20,1,17,1
141652,1507839692169636,1507839692000,4,50569,1507839894671,4,3,2,1,25,1
141652,1507839692169636,1507839692000,4,352265,1507840033119,4,3,2,1,25,1
141652,1507839692169636,1507839692000,4,208562,1507840133327,4,3,2,1,25,1
141652,1507839692169636,1507839692000,4,348093,1507840163327,4,3,2,1,25,1
23207,1507839693823637,1507839693000,2,355178,1507854224884,4,1,17,1,19,1
23207,1507839693823637,1507839693000,2,336245,1507854254884,4,1,17,1,19,1
12463,1507839696418638,1507839696000,4,96252,1507839723588,4,3,2,1,13,2
12463,1507839696418638,1507839696000,4,233688,1507839743753,4,3,2,1,13,1
12463,1507839696418638,1507839696000,4,336245,1507840323161,4,3,2,1,13,1
12463,1507839696418638,1507839696000,4,9308,1507840353161,4,3,2,1,13,1
290788,1507839697176639,1507839697000,3,159529,1507839887095,4,1,17,1,25,2
290788,1507839697176639,1507839697000,3,336245,1507839940147,4,1,17,1,25,1
290788,1507839697176639,1507839697000,3,233742,1507839970147,4,1,17,1,25,1
20144,1507839697123640,1507839697000,2,96074,1507840637967,2,3,20,1,25,2
20144,1507839697123640,1507839697000,2,336245,1507840667967,2,3,20,1,25,2
66129,1507839698357641,1507839698000,2,205873,1507843516879,4,1,17,11,28,2
66129,1507839698357641,1507839698000,2,336245,1507843546879,4,1,17,11,28,2
20085,1507839702316642,1507839702000,2,285533,1507839702865,4,1,17,1,22,2
20085,1507839702316642,1507839702000,2,233742,1507839732865,4,1,17,1,22,2
223094,1507839704165643,1507839704000,3,233688,1507839870029,4,3,2,1,25,2
223094,1507839704165643,1507839704000,3,183176,1507839989378,4,3,2,1,25,2
223094,1507839704165643,1507839704000,3,111043,1507840019378,4,3,2,1,25,2
290789,1507839705187644,1507839705000,2,50569,1507839801437,4,3,2,1,25,1
290789,1507839705187644,1507839705000,2,235383,1507839831437,4,3,2,1,25,1
2308,1507839706267645,1507839706000,3,271496,1507841224461,4,1,17,1,26,1
2308,1507839706267645,1507839706000,3,160363,1507841283008,4,1,17,1,26,5
2308,1507839706267645,1507839706000,3,69634,1507841313008,4,1,17,1,26,5
189355,1507839707400646,1507839707000,2,336245,1507839912573,4,1,17,1,25,2
189355,1507839707400646,1507839707000,2,348109,1507839942573,4,1,17,1,25,2
107827,1507839708552647,1507839708000,2,348093,1507841578500,4,3,2,1,16,2
107827,1507839708552647,1507839708000,2,348112,1507841608500,4,3,2,1,16,2
290790,1507839709361648,1507839709000,2,156381,1507839754532,4,1,17,11,28,1
290790,1507839709361648,1507839709000,2,336245,1507839784532,4,1,17,11,28,1
72260,1507839710251649,1507839710000,4,348093,1507840342217,4,1,12,1,24,1
72260,1507839710251649,1507839710000,4,42430,1507840941995,4,1,12,1,24,1
72260,1507839710251649,1507839710000,4,235396,1507841721723,4,1,12,1,24,1
72260,1507839710251649,1507839710000,4,348123,1507841751723,4,1,12,1,24,1
92585,1507839711292650,1507839711000,2,233688,1507841355395,4,1,17,1,25,2
92585,1507839711292650,1507839711000,2,20691,1507841385395,4,1,17,1,25,2
287376,1507839714346651,1507839714000,2,159529,1507839714913,2,4,2,1,15,2
287376,1507839714346651,1507839714000,2,283192,1507839744913,2,4,2,1,15,2
218765,1507839714403652,1507839714000,2,336245,1507839883921,4,4,2,1,8,2
218765,1507839714403652,1507839714000,2,183176,1507839913921,4,4,2,1,8,2
145625,1507839718395653,1507839718000,2,161873,1507839872658,4,3,2,1,20,1
145625,1507839718395653,1507839718000,2,158984,1507839902658,4,3,2,1,20,1
124258,1507839720363654,1507839720000,4,159529,1507840373583,4,3,2,1,12,2
124258,1507839720363654,1507839720000,4,233742,1507840490476,4,3,2,1,12,1
124258,1507839720363654,1507839720000,4,96210,1507840757609,4,3,2,1,12,1
124258,1507839720363654,1507839720000,4,114317,1507840787609,4,3,2,1,12,1
223085,1507839722354655,1507839722000,3,20691,1507841286496,4,1,17,1,21,2
223085,1507839722354655,1507839722000,3,234192,1507841533643,4,1,17,1,21,1
223085,1507839722354655,1507839722000,3,233742,1507841563643,4,1,17,1,21,1
251104,1507839724354656,1507839724000,5,96074,1507840093690,4,3,2,1,13,2
251104,1507839724354656,1507839724000,5,233688,1507840680653,4,3,2,1,13,2
251104,1507839724354656,1507839724000,5,336245,1507840721083,4,3,2,1,13,1
251104,1507839724354656,1507839724000,5,183176,1507841415318,4,3,2,1,13,2
251104,1507839724354656,1507839724000,5,111043,1507841445318,4,3,2,1,13,2
36081,1507839724206657,1507839724000,2,307061,1507839905429,4,3,2,1,25,1
36081,1507839724206657,1507839724000,2,336245,1507839935429,4,3,2,1,25,1
25007,1507839725952658,1507839725000,2,96074,1507839798531,4,1,17,1,13,2
25007,1507839725952658,1507839725000,2,233742,1507839828531,4,1,17,1,13,2
83978,1507839726137659,1507839726000,2,283192,1507840089952,4,3,20,1,15,1
83978,1507839726137659,1507839726000,2,156381,1507840119952,4,3,20,1,15,1
63752,1507839726128660,1507839726000,2,157894,1507846857794,4,1,17,1,16,5
63752,1507839726128660,1507839726000,2,336245,1507846887794,4,1,17,1,16,5
290791,1507839727998661,1507839727000,2,348093,1507839972344,4,3,20,1,25,2
290791,1507839727998661,1507839727000,2,96074,1507840002344,4,3,20,1,25,2
13084,1507839729352662,1507839729000,3,159529,1507839779950,4,3,2,3,28,2
13084,1507839729352662,1507839729000,3,336245,1507839958267,4,3,2,3,28,1
13084,1507839729352662,1507839729000,3,9308,1507839988267,4,3,2,3,28,1
24007,1507839732183663,1507839732000,4,348093,1507840337419,4,4,20,10,28,2
24007,1507839732183663,1507839732000,4,96074,1507840586502,4,4,20,10,28,2
24007,1507839732183663,1507839732000,4,159529,1507840910955,4,4,20,10,28,2
24007,1507839732183663,1507839732000,4,233742,1507840940955,4,4,20,10,28,2
1256,1507839732428664,1507839732000,3,159529,1507841353888,4,3,2,1,21,2
1256,1507839732428664,1507839732000,3,20691,1507842562464,4,3,2,1,21,2
1256,1507839732428664,1507839732000,3,336245,1507842592464,4,3,2,1,21,2
7346,1507839734258665,1507839734000,2,96210,1507839734263,4,1,17,1,25,6
7346,1507839734258665,1507839734000,2,348112,1507839764263,4,1,17,1,25,6
29443,1507839734195666,1507839734000,2,336245,1507840271282,4,1,17,1,25,2
29443,1507839734195666,1507839734000,2,20691,1507840301282,4,1,17,1,25,2
207746,1507839735379667,1507839735000,2,233742,1507839764212,4,1,17,1,20,2
207746,1507839735379667,1507839735000,2,336245,1507839794212,4,1,17,1,20,2
131068,1507839738254668,1507839738000,2,233742,1507839945837,4,1,17,1,8,2
131068,1507839738254668,1507839738000,2,336245,1507839975837,4,1,17,1,8,2
180571,1507839743159669,1507839743000,2,159529,1507839801503,4,1,17,1,21,2
180571,1507839743159669,1507839743000,2,96252,1507839831503,4,1,17,1,21,2
152388,1507839745106670,1507839745000,3,233742,1507841089993,4,3,20,1,6,2
152388,1507839745106670,1507839745000,3,50400,1507841725182,4,3,20,1,6,1
152388,1507839745106670,1507839745000,3,157792,1507841755182,4,3,20,1,6,1
102134,1507839745371671,1507839745000,2,96074,1507839809069,4,3,2,1,13,2
102134,1507839745371671,1507839745000,2,336245,1507839839069,4,3,2,1,13,2
289003,1507839747197672,1507839747000,2,284793,1507839752143,4,1,12,1,25,6
289003,1507839747197672,1507839747000,2,352266,1507839782143,4,1,12,1,25,6
8472,1507839752508673,1507839752000,2,352901,1507839752552,4,1,17,1,24,6
8472,1507839752508673,1507839752000,2,300300,1507839782552,4,1,17,1,24,6
198406,1507839752487674,1507839752000,5,50569,1507839918120,4,1,17,1,16,1
198406,1507839752487674,1507839752000,5,42430,1507841722726,4,1,17,1,16,1
198406,1507839752487674,1507839752000,5,214084,1507841922355,4,1,17,1,16,1
198406,1507839752487674,1507839752000,5,157973,1507842289432,4,1,17,1,16,1
198406,1507839752487674,1507839752000,5,100924,1507842319432,4,1,17,1,16,1
290792,1507839755961675,1507839755000,2,42430,1507839945350,4,3,2,1,21,1
290792,1507839755961675,1507839755000,2,156381,1507839975350,4,3,2,1,21,1
10657,1507839755194676,1507839755000,4,156381,1507839775775,4,1,17,1,13,1
10657,1507839755194676,1507839755000,4,205873,1507839783396,4,1,17,1,13,1
10657,1507839755194676,1507839755000,4,111043,1507839805028,4,1,17,1,13,1
10657,1507839755194676,1507839755000,4,348112,1507839835028,4,1,17,1,13,1
34303,1507839759406677,1507839759000,4,348109,1507840149501,4,3,2,1,16,2
34303,1507839759406677,1507839759000,4,348093,1507840349241,4,3,2,1,16,1
34303,1507839759406677,1507839759000,4,215674,1507840720739,4,3,2,1,16,1
34303,1507839759406677,1507839759000,4,96210,1507840750739,4,3,2,1,16,1
191734,1507839759409678,1507839759000,5,96074,1507840272374,4,3,20,1,25,2
191734,1507839759409678,1507839759000,5,283192,1507840446843,4,3,20,1,25,1
191734,1507839759409678,1507839759000,5,194568,1507840568975,4,3,20,1,25,1
191734,1507839759409678,1507839759000,5,214084,1507841183185,4,3,20,1,25,1
191734,1507839759409678,1507839759000,5,183176,1507841213185,4,3,20,1,25,1
194293,1507839761138679,1507839761000,2,183176,1507840167981,4,3,20,1,10,2
194293,1507839761138679,1507839761000,2,208150,1507840197981,4,3,20,1,10,2
46966,1507839762244680,1507839762000,4,100924,1507839842843,4,4,20,1,13,1
46966,1507839762244680,1507839762000,4,50569,1507840224379,4,4,20,1,13,1
46966,1507839762244680,1507839762000,4,48485,1507840406606,4,4,20,1,13,1
46966,1507839762244680,1507839762000,4,158512,1507840436606,4,4,20,1,13,1
54344,1507839762168681,1507839762000,6,89763,1507840664464,4,1,17,1,3,5
54344,1507839762168681,1507839762000,6,89749,1507840664557,4,1,17,1,3,5
54344,1507839762168681,1507839762000,6,20691,1507842876074,4,1,17,1,3,1
54344,1507839762168681,1507839762000,6,183176,1507842984742,4,1,17,1,3,1
54344,1507839762168681,1507839762000,6,233688,1507842990199,4,1,17,1,3,1
54344,1507839762168681,1507839762000,6,192133,1507843020199,4,1,17,1,3,1
233167,1507839764422682,1507839764000,3,159529,1507839880621,4,3,2,1,25,2
233167,1507839764422682,1507839764000,3,336245,1507840006092,4,3,2,1,25,2
233167,1507839764422682,1507839764000,3,20691,1507840036092,4,3,2,1,25,2
290793,1507839767295683,1507839767000,2,348093,1507840986415,4,3,2,1,21,2
290793,1507839767295683,1507839767000,2,20691,1507841016415,4,3,2,1,21,2
12965,1507839767325684,1507839767000,2,111043,1507839929771,4,3,2,1,20,1
12965,1507839767325684,1507839767000,2,42430,1507839959771,4,3,2,1,20,1
15552,1507839770901685,1507839770000,2,348093,1507839827631,4,3,2,1,21,2
15552,1507839770901685,1507839770000,2,348119,1507839857631,4,3,2,1,21,2
116093,1507839772217686,1507839772000,3,31187,1507839823323,4,1,17,1,5,1
116093,1507839772217686,1507839772000,3,42430,1507839994322,4,1,17,1,5,1
116093,1507839772217686,1507839772000,3,214084,1507840024322,4,1,17,1,5,1
215589,1507839773517687,1507839773000,2,96074,1507839810171,4,1,17,1,5,2
215589,1507839773517687,1507839773000,2,352265,1507839840171,4,1,17,1,5,2
26622,1507839775402688,1507839775000,3,96074,1507839819572,4,3,2,1,25,2
26622,1507839775402688,1507839775000,3,336245,1507839954893,4,3,2,1,25,2
26622,1507839775402688,1507839775000,3,9308,1507839984893,4,3,2,1,25,2
290794,1507839775242689,1507839775000,3,156381,1507840533963,4,4,20,1,13,1
290794,1507839775242689,1507839775000,3,283192,1507841194679,4,4,20,1,13,1
290794,1507839775242689,1507839775000,3,157973,1507841224679,4,4,20,1,13,1
19048,1507839777273690,1507839777000,2,96074,1507839800588,4,3,19,1,25,2
19048,1507839777273690,1507839777000,2,348093,1507839830588,4,3,19,1,25,2
244848,1507839779489691,1507839779000,2,234192,1507839869853,4,3,2,1,21,1
244848,1507839779489691,1507839779000,2,156381,1507839899853,4,3,2,1,21,1
109069,1507839782165692,1507839782000,4,137220,1507839812932,4,3,2,1,13,1
109069,1507839782165692,1507839782000,4,348109,1507840041418,4,3,2,1,13,2
109069,1507839782165692,1507839782000,4,348112,1507840115479,4,3,2,1,13,1
109069,1507839782165692,1507839782000,4,96210,1507840145479,4,3,2,1,13,1
44788,1507839786234693,1507839786000,3,159529,1507839943483,4,3,2,1,24,2
44788,1507839786234693,1507839786000,3,183176,1507840100186,4,3,2,1,24,2
44788,1507839786234693,1507839786000,3,336245,1507840130186,4,3,2,1,24,2
290795,1507839788157694,1507839788000,2,233688,1507840040170,4,3,2,1,25,2
290795,1507839788157694,1507839788000,2,20691,1507840070170,4,3,2,1,25,2
39235,1507839788878695,1507839788000,2,186047,1507839871130,4,3,2,1,17,1
39235,1507839788878695,1507839788000,2,194568,1507839901130,4,3,2,1,17,1
194729,1507839789333696,1507839789000,2,31808,1507840017502,4,3,2,1,25,1
194729,1507839789333696,1507839789000,2,233688,1507840047502,4,3,2,1,25,1
15830,1507839789239697,1507839789000,4,183176,1507840187922,4,1,17,1,16,2
15830,1507839789239697,1507839789000,4,288548,1507840288856,4,1,17,1,16,1
15830,1507839789239697,1507839789000,4,264523,1507840333349,4,1,17,1,16,1
15830,1507839789239697,1507839789000,4,352266,1507840363349,4,1,17,1,16,1
290796,1507839790165698,1507839790000,2,184261,1507840210529,4,1,17,1,15,1
290796,1507839790165698,1507839790000,2,181453,1507840240529,4,1,17,1,15,1
9037,1507839794297699,1507839794000,2,336245,1507844370229,4,1,17,1,7,2
9037,1507839794297699,1507839794000,2,9308,1507844400229,4,1,17,1,7,2
214090,1507839795268700,1507839795000,2,96074,1507839840177,4,1,17,1,25,2
214090,1507839795268700,1507839795000,2,183176,1507839870177,4,1,17,1,25,2
33625,1507839796247701,1507839796000,3,270599,1507839840904,4,3,2,1,25,1
33625,1507839796247701,1507839796000,3,272172,1507839940355,4,3,2,1,25,1
33625,1507839796247701,1507839796000,3,270885,1507839970355,4,3,2,1,25,1
290797,1507839798333702,1507839798000,2,229724,1507840392220,4,1,17,1,25,5
290797,1507839798333702,1507839798000,2,100779,1507840422220,4,1,17,1,25,5
181431,1507839801174703,1507839801000,2,348093,1507839812379,4,1,17,1,13,2
181431,1507839801174703,1507839801000,2,159529,1507839842379,4,1,17,1,13,2
12903,1507839806606704,1507839806000,4,183176,1507840011719,4,1,17,1,25,2
12903,1507839806606704,1507839806000,4,96210,1507840085875,4,1,17,1,25,1
12903,1507839806606704,1507839806000,4,233688,1507840505736,4,1,17,1,25,1
12903,1507839806606704,1507839806000,4,341030,1507840535736,4,1,17,1,25,1
211430,1507839808692705,1507839808000,2,293114,1507839808228,4,1,17,1,21,4
211430,1507839808692705,1507839808000,2,336245,1507839838228,4,1,17,1,21,4
10872,1507839808142706,1507839808000,2,336245,1507839945562,4,1,17,1,25,2
10872,1507839808142706,1507839808000,2,183176,1507839975562,4,1,17,1,25,2
38292,1507839810334707,1507839810000,2,348093,1507839823705,4,3,20,1,25,2
38292,1507839810334707,1507839810000,2,336245,1507839853705,4,3,20,1,25,2
173824,1507839814305708,1507839814000,2,96210,1507839818984,4,3,2,1,25,6
173824,1507839814305708,1507839814000,2,352983,1507839848984,4,3,2,1,25,6
137364,1507839818328709,1507839818000,2,337721,1507840129311,4,1,17,1,25,1
137364,1507839818328709,1507839818000,2,338164,1507840159311,4,1,17,1,25,1
61614,1507839818163710,1507839818000,2,336245,1507840528124,4,3,19,1,16,2
61614,1507839818163710,1507839818000,2,9308,1507840558124,4,3,19,1,16,2
8299,1507839818158711,1507839818000,2,96074,1507840385577,4,3,20,1,8,2
8299,1507839818158711,1507839818000,2,336245,1507840415577,4,3,20,1,8,2
235852,1507839820134712,1507839820000,2,183176,1507841205561,4,3,2,1,24,2
235852,1507839820134712,1507839820000,2,111043,1507841235561,4,3,2,1,24,2
106764,1507839822147713,1507839822000,2,233742,1507840393723,4,3,2,1,25,2
106764,1507839822147713,1507839822000,2,336245,1507840423723,4,3,2,1,25,2
22321,1507839830371714,1507839830000,3,284793,1507840041678,4,1,17,1,25,1
22321,1507839830371714,1507839830000,3,313761,1507840069508,4,1,17,1,25,1
22321,1507839830371714,1507839830000,3,96074,1507840099508,4,1,17,1,25,1
144795,1507839837165715,1507839837000,2,183176,1507839906080,4,1,13,1,25,2
144795,1507839837165715,1507839837000,2,233688,1507839936080,4,1,13,1,25,2
19396,1507839838241716,1507839838000,3,348093,1507839874796,4,3,2,1,13,2
19396,1507839838241716,1507839838000,3,159529,1507839884863,4,3,2,1,13,2
19396,1507839838241716,1507839838000,3,336245,1507839914863,4,3,2,1,13,2
41893,1507839838154717,1507839838000,2,233688,1507840226561,4,1,17,11,28,1
41893,1507839838154717,1507839838000,2,348093,1507840256561,4,1,17,11,28,1
22933,1507839843398718,1507839843000,7,336245,1507839901066,4,3,20,1,13,2
22933,1507839843398718,1507839843000,7,9308,1507840049851,4,3,20,1,13,1
22933,1507839843398718,1507839843000,7,96210,1507840163044,4,3,20,1,13,1
22933,1507839843398718,1507839843000,7,160096,1507840458290,4,3,20,1,13,1
22933,1507839843398718,1507839843000,7,84914,1507840538855,4,3,20,1,13,1
22933,1507839843398718,1507839843000,7,256459,1507840924677,4,3,20,1,13,1
22933,1507839843398718,1507839843000,7,159529,1507840954677,4,3,20,1,13,1
107388,1507839845321719,1507839845000,2,20691,1507845573217,4,3,20,1,25,2
107388,1507839845321719,1507839845000,2,288440,1507845603217,4,3,20,1,25,2
51141,1507839852587720,1507839852000,4,119522,1507839852995,4,3,20,1,25,2
51141,1507839852587720,1507839852000,4,233742,1507840011370,4,3,20,1,25,2
51141,1507839852587720,1507839852000,4,348112,1507840171189,4,3,20,1,25,1
51141,1507839852587720,1507839852000,4,336245,1507840201189,4,3,20,1,25,1
85855,1507839854201721,1507839854000,2,348093,1507839890846,4,1,17,1,13,2
85855,1507839854201721,1507839854000,2,233742,1507839920846,4,1,17,1,13,2
290798,1507839857947722,1507839857000,2,183176,1507840005909,4,3,2,1,20,2
290798,1507839857947722,1507839857000,2,14707,1507840035909,4,3,2,1,20,2
95482,1507839857247723,1507839857000,3,236512,1507840282483,4,3,2,4,28,1
95482,1507839857247723,1507839857000,3,235396,1507840430932,4,3,2,4,28,1
95482,1507839857247723,1507839857000,3,156381,1507840460932,4,3,2,4,28,1
290799,1507839863378724,1507839863000,2,348089,1507840781671,4,4,20,6,28,1
290799,1507839863378724,1507839863000,2,348093,1507840811671,4,4,20,6,28,1
290800,1507839865352725,1507839865000,4,30957,1507839865626,4,3,2,1,5,4
290800,1507839865352725,1507839865000,4,32755,1507839984865,4,3,2,1,5,1
290800,1507839865352725,1507839865000,4,9308,1507840078902,4,3,2,1,5,1
290800,1507839865352725,1507839865000,4,233688,1507840108902,4,3,2,1,5,1
220469,1507839866295726,1507839866000,2,183176,1507839910267,4,3,20,1,21,2
220469,1507839866295726,1507839866000,2,111043,1507839940267,4,3,20,1,21,2
223102,1507839868114727,1507839868000,2,96252,1507840043858,4,1,17,1,21,2
223102,1507839868114727,1507839868000,2,336245,1507840073858,4,1,17,1,21,2
129520,1507839870186728,1507839870000,2,233742,1507839923846,4,1,13,1,21,2
129520,1507839870186728,1507839870000,2,336245,1507839953846,4,1,13,1,21,2
157286,1507839871122729,1507839871000,5,348109,1507840665425,4,3,2,1,25,2
157286,1507839871122729,1507839871000,5,233688,1507840803147,4,3,2,1,25,2
157286,1507839871122729,1507839871000,5,183176,1507840909290,4,3,2,1,25,2
157286,1507839871122729,1507839871000,5,156381,1507841004023,4,3,2,1,25,1
157286,1507839871122729,1507839871000,5,336245,1507841034023,4,3,2,1,25,1
17577,1507839875217730,1507839875000,4,183176,1507839997363,4,3,2,1,8,2
17577,1507839875217730,1507839875000,4,354086,1507840819040,4,3,2,1,8,5
17577,1507839875217730,1507839875000,4,160096,1507840998353,4,3,2,1,8,1
17577,1507839875217730,1507839875000,4,215993,1507841028353,4,3,2,1,8,1
290801,1507839876366731,1507839876000,3,20691,1507841722104,4,3,2,1,18,2
290801,1507839876366731,1507839876000,3,9308,1507841881065,4,3,2,1,18,1
290801,1507839876366731,1507839876000,3,208562,1507841911065,4,3,2,1,18,1
41531,1507839876215732,1507839876000,5,159529,1507840021872,4,3,2,1,7,2
41531,1507839876215732,1507839876000,5,233742,1507840137759,4,3,2,1,7,1
41531,1507839876215732,1507839876000,5,336245,1507840763626,4,3,2,1,7,1
41531,1507839876215732,1507839876000,5,9308,1507840852961,4,3,2,1,7,1
41531,1507839876215732,1507839876000,5,96210,1507840882961,4,3,2,1,7,1
290802,1507839882267733,1507839882000,2,288440,1507843073495,4,1,17,1,21,2
290802,1507839882267733,1507839882000,2,162139,1507843103495,4,1,17,1,21,2
9805,1507839886234734,1507839886000,5,159529,1507840657855,4,3,20,1,21,2
9805,1507839886234734,1507839886000,5,233742,1507840924059,4,3,20,1,21,2
9805,1507839886234734,1507839886000,5,233688,1507841840161,4,3,20,1,21,2
9805,1507839886234734,1507839886000,5,183176,1507841897671,4,3,20,1,21,2
9805,1507839886234734,1507839886000,5,111043,1507841927671,4,3,20,1,21,2
148022,1507839886134735,1507839886000,2,348093,1507840319589,4,3,2,1,21,1
148022,1507839886134735,1507839886000,2,235383,1507840349589,4,3,2,1,21,1
14670,1507839886340736,1507839886000,4,159529,1507839931528,4,1,17,1,21,2
14670,1507839886340736,1507839886000,4,233742,1507840585006,4,1,17,1,21,2
14670,1507839886340736,1507839886000,4,123953,1507841929729,4,1,17,1,21,1
14670,1507839886340736,1507839886000,4,263283,1507841959729,4,1,17,1,21,1
9159,1507839887110737,1507839887000,3,348093,1507839912900,4,3,2,1,25,2
9159,1507839887110737,1507839887000,3,96074,1507840815217,4,3,2,1,25,2
9159,1507839887110737,1507839887000,3,159529,1507840845217,4,3,2,1,25,2
229021,1507839887398738,1507839887000,2,96210,1507839911523,4,4,20,1,9,1
229021,1507839887398738,1507839887000,2,96242,1507839941523,4,4,20,1,9,1
229545,1507839890375739,1507839890000,2,336245,1507839976314,4,1,17,1,25,2
229545,1507839890375739,1507839890000,2,111043,1507840006314,4,1,17,1,25,2
153319,1507839891270740,1507839891000,2,156381,1507843623863,4,1,17,1,25,1
153319,1507839891270740,1507839891000,2,306502,1507843653863,4,1,17,1,25,1
146550,1507839892298741,1507839892000,2,341134,1507840798952,4,1,17,1,19,1
146550,1507839892298741,1507839892000,2,31805,1507840828952,4,1,17,1,19,1
44588,1507839895147742,1507839895000,3,233742,1507840330579,4,3,2,1,21,1
44588,1507839895147742,1507839895000,3,9308,1507840717445,4,3,2,1,21,1
44588,1507839895147742,1507839895000,3,96210,1507840747445,4,3,2,1,21,1
118965,1507839900310743,1507839900000,4,111043,1507839981156,4,3,2,1,13,1
118965,1507839900310743,1507839900000,4,285533,1507840303352,4,3,2,1,13,1
118965,1507839900310743,1507839900000,4,233688,1507840579916,4,3,2,1,13,1
118965,1507839900310743,1507839900000,4,20691,1507840609916,4,3,2,1,13,1
290803,1507839902269744,1507839902000,3,183176,1507840008014,4,3,20,1,24,1
290803,1507839902269744,1507839902000,3,111043,1507840134756,4,3,20,1,24,1
290803,1507839902269744,1507839902000,3,50569,1507840164756,4,3,20,1,24,1
214773,1507839904146745,1507839904000,2,248801,1507839904681,4,1,17,1,21,5
214773,1507839904146745,1507839904000,2,233742,1507839934681,4,1,17,1,21,5
225855,1507839906356746,1507839906000,3,348093,1507840087198,4,3,2,1,25,2
225855,1507839906356746,1507839906000,3,96586,1507840492670,4,3,2,1,25,1
225855,1507839906356746,1507839906000,3,91797,1507840522670,4,3,2,1,25,1
247593,1507839907335747,1507839907000,4,31805,1507842178801,4,1,17,1,13,1
247593,1507839907335747,1507839907000,4,145692,1507842329159,4,1,17,1,13,1
247593,1507839907335747,1507839907000,4,74628,1507842681475,4,1,17,1,13,1
247593,1507839907335747,1507839907000,4,74554,1507842711475,4,1,17,1,13,1
99363,1507839908271748,1507839908000,2,159529,1507840032316,4,3,2,1,25,2
99363,1507839908271748,1507839908000,2,208150,1507840062316,4,3,2,1,25,2
223142,1507839916690749,1507839916000,2,111043,1507840022250,4,3,2,1,25,2
223142,1507839916690749,1507839916000,2,183176,1507840052250,4,3,2,1,25,2
107144,1507839916252750,1507839916000,3,159529,1507839944639,4,3,2,1,25,2
107144,1507839916252750,1507839916000,3,233688,1507841574569,4,3,2,1,25,2
107144,1507839916252750,1507839916000,3,111043,1507841604569,4,3,2,1,25,2
18925,1507839918314751,1507839918000,2,74722,1507840420193,4,3,2,1,16,4
18925,1507839918314751,1507839918000,2,348093,1507840450193,4,3,2,1,16,4
188705,1507839918260752,1507839918000,7,42158,1507840413240,4,1,17,1,21,1
188705,1507839918260752,1507839918000,7,9308,1507840738819,4,1,17,1,21,1
188705,1507839918260752,1507839918000,7,260812,1507841330509,4,1,17,1,21,1
188705,1507839918260752,1507839918000,7,42104,1507842248342,4,1,17,1,21,1
188705,1507839918260752,1507839918000,7,84892,1507842358022,4,1,17,1,21,1
188705,1507839918260752,1507839918000,7,304040,1507842944169,4,1,17,1,21,1
188705,1507839918260752,1507839918000,7,160096,1507842974169,4,1,17,1,21,1
8051,1507839922324753,1507839922000,2,42430,1507840119604,4,3,20,7,28,1
8051,1507839922324753,1507839922000,2,42242,1507840149604,4,3,20,7,28,1
29838,1507839924253754,1507839924000,2,336245,1507840033476,4,1,17,1,9,2
29838,1507839924253754,1507839924000,2,348093,1507840063476,4,1,17,1,9,2
127730,1507839930266755,1507839930000,2,352265,1507840187164,4,4,2,1,25,1
127730,1507839930266755,1507839930000,2,336245,1507840217164,4,4,2,1,25,1
6790,1507839931273756,1507839931000,2,183176,1507841154980,4,3,2,1,13,2
6790,1507839931273756,1507839931000,2,208150,1507841184980,4,3,2,1,13,2
71205,1507839933287757,1507839933000,3,159529,1507839971959,4,3,2,1,10,2
71205,1507839933287757,1507839933000,3,336245,1507841233811,4,3,2,1,10,2
71205,1507839933287757,1507839933000,3,9308,1507841263811,4,3,2,1,10,2
73092,1507839936259758,1507839936000,2,283192,1507839985307,4,1,17,1,25,1
73092,1507839936259758,1507839936000,2,283506,1507840015307,4,1,17,1,25,1
165233,1507839937421759,1507839937000,2,270675,1507841029278,4,1,17,1,20,1
165233,1507839937421759,1507839937000,2,205873,1507841059278,4,1,17,1,20,1
171155,1507839937195760,1507839937000,2,336245,1507841380843,4,3,2,1,21,2
171155,1507839937195760,1507839937000,2,288440,1507841410843,4,3,2,1,21,2
211163,1507839939387761,1507839939000,2,70484,1507851730368,4,1,17,1,25,2
211163,1507839939387761,1507839939000,2,71601,1507851760368,4,1,17,1,25,2
290804,1507839941232762,1507839941000,2,42430,1507840092757,4,1,17,1,25,1
290804,1507839941232762,1507839941000,2,348112,1507840122757,4,1,17,1,25,1
290805,1507839942383763,1507839942000,2,233742,1507839990975,4,1,17,1,20,2
290805,1507839942383763,1507839942000,2,336245,1507840020975,4,1,17,1,20,2
290806,1507839942517764,1507839942000,2,242254,1507839942548,4,3,2,1,21,7
290806,1507839942517764,1507839942000,2,336245,1507839972548,4,3,2,1,21,7
290807,1507839944571765,1507839944000,2,31187,1507840039172,4,1,17,1,15,1
290807,1507839944571765,1507839944000,2,153878,1507840069172,4,1,17,1,15,1
32234,1507839951142766,1507839951000,2,159529,1507839998521,4,3,2,1,13,2
32234,1507839951142766,1507839951000,2,233742,1507840028521,4,3,2,1,13,2
19474,1507839951228767,1507839951000,6,348093,1507840193707,4,1,17,1,21,2
19474,1507839951228767,1507839951000,6,159529,1507840381290,4,1,17,1,21,2
19474,1507839951228767,1507839951000,6,233742,1507840662707,4,1,17,1,21,2
19474,1507839951228767,1507839951000,6,233688,1507840970653,4,1,17,1,21,2
19474,1507839951228767,1507839951000,6,183176,1507841028360,4,1,17,1,21,2
19474,1507839951228767,1507839951000,6,111043,1507841058360,4,1,17,1,21,2
160991,1507839951136768,1507839951000,2,156381,1507839962452,4,3,2,1,13,1
160991,1507839951136768,1507839951000,2,111043,1507839992452,4,3,2,1,13,1
290808,1507839952266769,1507839952000,3,20691,1507845706470,4,3,20,1,4,2
290808,1507839952266769,1507839952000,3,336245,1507845739986,4,3,20,1,4,1
290808,1507839952266769,1507839952000,3,15653,1507845769986,4,3,20,1,4,1
88076,1507839957258770,1507839957000,3,42430,1507840299533,4,1,17,1,25,1
88076,1507839957258770,1507839957000,3,20691,1507841944340,4,1,17,1,25,2
88076,1507839957258770,1507839957000,3,70484,1507841974340,4,1,17,1,25,2
97539,1507839962390771,1507839962000,2,20691,1507843014759,2,4,2,1,7,2
97539,1507839962390771,1507839962000,2,288440,1507843044759,2,4,2,1,7,2
19718,1507839963383772,1507839963000,2,283192,1507840407882,4,1,5,1,13,6
19718,1507839963383772,1507839963000,2,96210,1507840437882,4,1,5,1,13,6
11360,1507839963346773,1507839963000,2,156381,1507840032315,4,1,17,1,9,1
11360,1507839963346773,1507839963000,2,162572,1507840062315,4,1,17,1,9,1
212424,1507839963377774,1507839963000,2,96074,1507840703856,4,1,17,1,25,2
212424,1507839963377774,1507839963000,2,336245,1507840733856,4,1,17,1,25,2
141417,1507839964154775,1507839964000,2,331746,1507840152044,4,3,2,1,25,1
141417,1507839964154775,1507839964000,2,332315,1507840182044,4,3,2,1,25,1
7477,1507839964350776,1507839964000,2,348093,1507840065994,4,1,17,1,25,1
7477,1507839964350776,1507839964000,2,348123,1507840095994,4,1,17,1,25,1
11472,1507839966119777,1507839966000,2,336245,1507840738352,4,1,17,1,9,2
11472,1507839966119777,1507839966000,2,20691,1507840768352,4,1,17,1,9,2
22374,1507839966160778,1507839966000,10,156381,1507839970554,4,1,17,1,25,1
22374,1507839966160778,1507839966000,10,183176,1507840022695,4,1,17,1,25,1
22374,1507839966160778,1507839966000,10,348112,1507840060072,4,1,17,1,25,1
22374,1507839966160778,1507839966000,10,283192,1507840076842,4,1,17,1,25,1
22374,1507839966160778,1507839966000,10,50569,1507840090602,4,1,17,1,25,1
22374,1507839966160778,1507839966000,10,277139,1507840127857,4,1,17,1,25,1
22374,1507839966160778,1507839966000,10,162276,1507840134628,4,1,17,1,25,1
22374,1507839966160778,1507839966000,10,336245,1507840354875,4,1,17,1,25,1
22374,1507839966160778,1507839966000,10,233688,1507840586857,4,1,17,1,25,1
22374,1507839966160778,1507839966000,10,61395,1507840616857,4,1,17,1,25,1
169114,1507839967142779,1507839967000,2,156381,1507840201871,4,1,17,1,21,1
169114,1507839967142779,1507839967000,2,235396,1507840231871,4,1,17,1,21,1
80126,1507839967906780,1507839967000,2,156381,1507839980255,4,1,17,1,21,1
80126,1507839967906780,1507839967000,2,214084,1507840010255,4,1,17,1,21,1
208893,1507839971391781,1507839971000,2,96074,1507840007680,4,3,20,1,12,2
208893,1507839971391781,1507839971000,2,183176,1507840037680,4,3,20,1,12,2
149040,1507839971721782,1507839971000,2,233688,1507840056981,4,3,2,1,21,2
149040,1507839971721782,1507839971000,2,183176,1507840086981,4,3,2,1,21,2
34062,1507839971410783,1507839971000,2,336245,1507842566903,4,1,17,1,25,2
34062,1507839971410783,1507839971000,2,159529,1507842596903,4,1,17,1,25,2
158243,1507839973488784,1507839973000,2,20691,1507841840962,4,3,20,1,16,2
158243,1507839973488784,1507839973000,2,336245,1507841870962,4,3,20,1,16,2
140179,1507839973317785,1507839973000,4,62558,1507842208439,4,1,17,1,21,1
140179,1507839973317785,1507839973000,4,195843,1507842813523,4,1,17,1,21,1
140179,1507839973317785,1507839973000,4,62599,1507842913750,4,1,17,1,21,1
140179,1507839973317785,1507839973000,4,115268,1507842943750,4,1,17,1,21,1
68911,1507839976195786,1507839976000,3,336245,1507841379717,4,1,17,1,25,2
68911,1507839976195786,1507839976000,3,288440,1507842622493,4,1,17,1,25,2
68911,1507839976195786,1507839976000,3,20691,1507842652493,4,1,17,1,25,2
144764,1507839984342787,1507839984000,2,205873,1507847254928,4,3,2,10,28,2
144764,1507839984342787,1507839984000,2,336245,1507847284928,4,3,2,10,28,2
6050,1507839985794788,1507839985000,2,96074,1507841201175,4,3,2,1,13,2
6050,1507839985794788,1507839985000,2,20691,1507841231175,4,3,2,1,13,2
10525,1507839986387789,1507839986000,2,158767,1507840136092,4,3,2,1,25,1
10525,1507839986387789,1507839986000,2,158766,1507840166092,4,3,2,1,25,1
229307,1507839987149790,1507839987000,5,352265,1507840785361,4,1,17,1,25,1
229307,1507839987149790,1507839987000,5,327095,1507840934973,4,1,17,1,25,1
229307,1507839987149790,1507839987000,5,326982,1507840986200,4,1,17,1,25,1
229307,1507839987149790,1507839987000,5,288251,1507841242657,4,1,17,1,25,1
229307,1507839987149790,1507839987000,5,289034,1507841272657,4,1,17,1,25,1
42993,1507839989758791,1507839989000,2,66155,1507840355985,4,1,17,1,6,1
42993,1507839989758791,1507839989000,2,65443,1507840385985,4,1,17,1,6,1
7378,1507839991212792,1507839991000,3,208150,1507841660242,4,3,20,1,7,1
7378,1507839991212792,1507839991000,3,202637,1507843439362,4,3,20,1,7,2
7378,1507839991212792,1507839991000,3,202522,1507843469362,4,3,20,1,7,2
290809,1507839993337793,1507839993000,4,111043,1507840305346,4,3,2,1,21,2
290809,1507839993337793,1507839993000,4,233688,1507840344117,4,3,2,1,21,2
290809,1507839993337793,1507839993000,4,224702,1507840719290,4,3,2,1,21,1
290809,1507839993337793,1507839993000,4,183176,1507840749290,4,3,2,1,21,1
290810,1507839994167794,1507839994000,2,348093,1507840043476,4,1,17,1,20,2
290810,1507839994167794,1507839994000,2,265989,1507840073476,4,1,17,1,20,2
83712,1507839995223795,1507839995000,3,48485,1507844362273,4,3,2,1,6,1
83712,1507839995223795,1507839995000,3,264469,1507845450802,4,3,2,1,6,1
83712,1507839995223795,1507839995000,3,263604,1507845480802,4,3,2,1,6,1
32800,1507839996229796,1507839996000,2,111043,1507840481837,4,1,12,11,28,2
32800,1507839996229796,1507839996000,2,36413,1507840511837,4,1,12,11,28,2
73700,1507839999236797,1507839999000,2,205873,1507843102931,4,3,2,1,21,2
73700,1507839999236797,1507839999000,2,237769,1507843132931,4,3,2,1,21,2
29192,1507840000130798,1507840000000,2,84457,1507840020952,4,3,2,1,7,1
29192,1507840000130798,1507840000000,2,84618,1507840050952,4,3,2,1,7,1
224221,1507840002401799,1507840002000,2,348093,1507840058791,4,3,20,1,21,2
224221,1507840002401799,1507840002000,2,183176,1507840088791,4,3,20,1,21,2
26159,1507840005213800,1507840005000,2,336245,1507841886946,4,1,17,1,21,2
26159,1507840005213800,1507840005000,2,96210,1507841916946,4,1,17,1,21,2
3320,1507840009341801,1507840009000,3,336245,1507840192749,4,3,2,1,25,2
3320,1507840009341801,1507840009000,3,9308,1507840322009,4,3,2,1,25,1
3320,1507840009341801,1507840009000,3,283505,1507840352009,4,3,2,1,25,1
50268,1507840010171802,1507840010000,3,264469,1507840037593,4,3,2,1,4,1
50268,1507840010171802,1507840010000,3,264039,1507840171862,4,3,2,1,4,1
50268,1507840010171802,1507840010000,3,264033,1507840201862,4,3,2,1,4,1
25560,1507840014228803,1507840014000,2,348093,1507840045566,4,3,2,1,13,2
25560,1507840014228803,1507840014000,2,156381,1507840075566,4,3,2,1,13,2
290811,1507840028378804,1507840028000,2,183176,1507840210982,4,3,2,1,18,7
290811,1507840028378804,1507840028000,2,233688,1507840240982,4,3,2,1,18,7
200378,1507840030172805,1507840030000,2,183176,1507840420287,4,3,2,1,17,2
200378,1507840030172805,1507840030000,2,233688,1507840450287,4,3,2,1,17,2
27474,1507840030278806,1507840030000,2,223947,1507840066347,4,1,17,1,16,1
27474,1507840030278806,1507840030000,2,224714,1507840096347,4,1,17,1,16,1
50232,1507840036254807,1507840036000,3,160363,1507840057682,4,1,17,1,24,1
50232,1507840036254807,1507840036000,3,31187,1507842500766,4,1,17,1,24,1
50232,1507840036254807,1507840036000,3,258007,1507842530766,4,1,17,1,24,1
200918,1507840037110808,1507840037000,2,236512,1507840575141,4,1,17,1,25,1
200918,1507840037110808,1507840037000,2,31187,1507840605141,4,1,17,1,25,1
290812,1507840038102809,1507840038000,2,24706,1507840038247,1,3,20,1,5,5
290812,1507840038102809,1507840038000,2,24705,1507840068247,1,3,20,1,5,5
32749,1507840038269810,1507840038000,5,348093,1507840048678,4,3,2,1,9,2
32749,1507840038269810,1507840038000,5,235383,1507840166877,4,3,2,1,9,1
32749,1507840038269810,1507840038000,5,236512,1507840298748,4,3,2,1,9,1
32749,1507840038269810,1507840038000,5,160142,1507840451627,4,3,2,1,9,6
32749,1507840038269810,1507840038000,5,96210,1507840481627,4,3,2,1,9,6
290813,1507840045688811,1507840045000,2,171497,1507840251868,4,3,2,1,14,7
290813,1507840045688811,1507840045000,2,173895,1507840281868,4,3,2,1,14,7
18031,1507840046118812,1507840046000,3,348093,1507840069038,4,3,2,10,28,2
18031,1507840046118812,1507840046000,3,159529,1507840119000,4,3,2,10,28,2
18031,1507840046118812,1507840046000,3,233688,1507840149000,4,3,2,10,28,2
290814,1507840046336813,1507840046000,2,349328,1507840047396,4,3,2,1,13,7
290814,1507840046336813,1507840046000,2,85830,1507840077396,4,3,2,1,13,7
64344,1507840047410814,1507840047000,5,96074,1507840066970,4,1,17,1,25,2
64344,1507840047410814,1507840047000,5,20691,1507841637731,4,1,17,1,25,2
64344,1507840047410814,1507840047000,5,159529,1507841681831,4,1,17,1,25,2
64344,1507840047410814,1507840047000,5,288440,1507842612347,4,1,17,1,25,2
64344,1507840047410814,1507840047000,5,31187,1507842642347,4,1,17,1,25,2
179585,1507840047409815,1507840047000,2,183176,1507840242847,4,1,17,1,5,2
179585,1507840047409815,1507840047000,2,233688,1507840272847,4,1,17,1,5,2
2026,1507840049347816,1507840049000,3,348093,1507840141778,4,1,17,1,13,2
2026,1507840049347816,1507840049000,3,159529,1507840555622,4,1,17,1,13,2
2026,1507840049347816,1507840049000,3,20691,1507840585622,4,1,17,1,13,2
290815,1507840049382817,1507840049000,3,31808,1507840049430,4,3,2,1,5,5
290815,1507840049382817,1507840049000,3,30374,1507840435444,4,3,2,1,5,1
290815,1507840049382817,1507840049000,3,336245,1507840465444,4,3,2,1,5,1
160423,1507840053421818,1507840053000,4,233742,1507840115961,4,1,17,1,25,2
160423,1507840053421818,1507840053000,4,336245,1507842074092,4,1,17,1,25,2
160423,1507840053421818,1507840053000,4,159529,1507842278109,4,1,17,1,25,2
160423,1507840053421818,1507840053000,4,331746,1507842308109,4,1,17,1,25,2
109309,1507840055129819,1507840055000,2,159529,1507840157126,4,3,20,1,17,2
109309,1507840055129819,1507840055000,2,96074,1507840187126,4,3,20,1,17,2
229014,1507840055363820,1507840055000,2,96074,1507840208414,4,3,2,1,16,2
229014,1507840055363820,1507840055000,2,96210,1507840238414,4,3,2,1,16,2
132539,1507840060258821,1507840060000,6,159529,1507840378037,2,4,2,1,16,2
132539,1507840060258821,1507840060000,6,283192,1507840634653,2,4,2,1,16,1
132539,1507840060258821,1507840060000,6,336245,1507840816840,2,4,2,1,16,1
132539,1507840060258821,1507840060000,6,96210,1507840965515,2,4,2,1,16,1
132539,1507840060258821,1507840060000,6,20691,1507841535558,2,4,2,1,16,2
132539,1507840060258821,1507840060000,6,160096,1507841565558,2,4,2,1,16,2
157202,1507840060270822,1507840060000,2,236512,1507841527430,4,1,17,1,25,1
157202,1507840060270822,1507840060000,2,236561,1507841557430,4,1,17,1,25,1
290816,1507840060284823,1507840060000,2,233742,1507843651369,4,3,2,1,25,2
290816,1507840060284823,1507840060000,2,336245,1507843681369,4,3,2,1,25,2
63236,1507840063115824,1507840063000,3,31187,1507840285261,4,1,17,1,13,1
63236,1507840063115824,1507840063000,3,336245,1507840366436,4,1,17,1,13,1
63236,1507840063115824,1507840063000,3,32653,1507840396436,4,1,17,1,13,1
14035,1507840065174825,1507840065000,2,348093,1507840547453,4,1,17,1,11,2
14035,1507840065174825,1507840065000,2,159529,1507840577453,4,1,17,1,11,2
31863,1507840066978826,1507840066000,2,348093,1507840126470,4,3,20,10,28,2
31863,1507840066978826,1507840066000,2,233688,1507840156470,4,3,20,10,28,2
99013,1507840066129827,1507840066000,3,233688,1507847410370,4,1,17,1,25,2
99013,1507840066129827,1507840066000,3,111043,1507847606878,4,1,17,1,25,2
99013,1507840066129827,1507840066000,3,183176,1507847636878,4,1,17,1,25,2
34837,1507840067746828,1507840067000,2,284602,1507843506706,4,1,17,1,25,6
34837,1507840067746828,1507840067000,2,233688,1507843536706,4,1,17,1,25,6
204216,1507840068371829,1507840068000,3,42430,1507840108127,4,1,17,1,25,1
204216,1507840068371829,1507840068000,3,160096,1507840225164,4,1,17,1,25,1
204216,1507840068371829,1507840068000,3,336245,1507840255164,4,1,17,1,25,1
15534,1507840069783830,1507840069000,2,233742,1507840380768,4,1,17,1,13,2
15534,1507840069783830,1507840069000,2,336245,1507840410768,4,1,17,1,13,2
113622,1507840069265831,1507840069000,8,159529,1507840103616,4,3,2,1,13,2
113622,1507840069265831,1507840069000,8,96252,1507840315225,4,3,2,1,13,2
113622,1507840069265831,1507840069000,8,9308,1507840407040,4,3,2,1,13,1
113622,1507840069265831,1507840069000,8,283192,1507841224546,4,3,2,1,13,1
113622,1507840069265831,1507840069000,8,10253,1507841264514,4,3,2,1,13,1
113622,1507840069265831,1507840069000,8,96210,1507841538479,4,3,2,1,13,1
113622,1507840069265831,1507840069000,8,15653,1507841645395,4,3,2,1,13,1
113622,1507840069265831,1507840069000,8,194920,1507841675395,4,3,2,1,13,1
226000,1507840071228832,1507840071000,4,348093,1507840089851,4,3,2,1,21,2
226000,1507840071228832,1507840071000,4,159529,1507840232262,4,3,2,1,21,2
226000,1507840071228832,1507840071000,4,294108,1507840408394,4,3,2,1,21,1
226000,1507840071228832,1507840071000,4,111043,1507840438394,4,3,2,1,21,1
290817,1507840071352833,1507840071000,2,336245,1507840231169,4,1,17,11,28,2
290817,1507840071352833,1507840071000,2,183176,1507840261169,4,1,17,11,28,2
29185,1507840083107834,1507840083000,2,233742,1507840755019,4,3,2,1,25,2
29185,1507840083107834,1507840083000,2,233688,1507840785019,4,3,2,1,25,2
24088,1507840085342835,1507840085000,2,111043,1507840389637,4,1,17,1,7,2
24088,1507840085342835,1507840085000,2,183176,1507840419637,4,1,17,1,7,2
117320,1507840085154836,1507840085000,3,20691,1507841180929,4,1,17,1,14,2
117320,1507840085154836,1507840085000,3,159529,1507841341414,4,1,17,1,14,2
117320,1507840085154836,1507840085000,3,288440,1507841371414,4,1,17,1,14,2
25673,1507840086161837,1507840086000,2,96074,1507840208655,4,3,2,1,6,2
25673,1507840086161837,1507840086000,2,111043,1507840238655,4,3,2,1,6,2
290818,1507840087494838,1507840087000,9,156381,1507840105215,4,1,17,1,25,1
290818,1507840087494838,1507840087000,9,348093,1507840134489,4,1,17,1,25,1
290818,1507840087494838,1507840087000,9,236512,1507840204711,4,1,17,1,25,1
290818,1507840087494838,1507840087000,9,354580,1507840391052,4,1,17,1,25,1
290818,1507840087494838,1507840087000,9,214084,1507840456503,4,1,17,1,25,1
290818,1507840087494838,1507840087000,9,159529,1507840559764,4,1,17,1,25,1
290818,1507840087494838,1507840087000,9,50405,1507840655389,4,1,17,1,25,1
290818,1507840087494838,1507840087000,9,336245,1507840933750,4,1,17,1,25,1
290818,1507840087494838,1507840087000,9,160531,1507840963750,4,1,17,1,25,1
30940,1507840091794839,1507840091000,3,233742,1507840210675,4,3,20,1,21,2
30940,1507840091794839,1507840091000,3,20691,1507843061495,4,3,20,1,21,2
30940,1507840091794839,1507840091000,3,288440,1507843091495,4,3,20,1,21,2
23192,1507840094310840,1507840094000,2,283192,1507841480626,4,3,2,1,10,1
23192,1507840094310840,1507840094000,2,96127,1507841510626,4,3,2,1,10,1
23807,1507840094253841,1507840094000,2,50569,1507840201385,4,1,17,1,26,1
23807,1507840094253841,1507840094000,2,336245,1507840231385,4,1,17,1,26,1
93295,1507840094249842,1507840094000,2,159529,1507840229111,4,4,20,6,28,2
93295,1507840094249842,1507840094000,2,288440,1507840259111,4,4,20,6,28,2
290819,1507840095428843,1507840095000,2,159529,1507840175653,4,3,2,1,16,2
290819,1507840095428843,1507840095000,2,336245,1507840205653,4,3,2,1,16,2
290820,1507840096426844,1507840096000,2,348093,1507840124129,4,3,2,1,25,2
290820,1507840096426844,1507840096000,2,233688,1507840154129,4,3,2,1,25,2
39613,1507840097109845,1507840097000,3,156381,1507840097254,4,1,17,1,25,5
39613,1507840097109845,1507840097000,3,159135,1507840227854,4,1,17,1,25,1
39613,1507840097109845,1507840097000,3,348093,1507840257854,4,1,17,1,25,1
252927,1507840097787846,1507840097000,3,156381,1507840115557,4,3,2,1,13,1
252927,1507840097787846,1507840097000,3,158094,1507840128586,4,3,2,1,13,1
252927,1507840097787846,1507840097000,3,159529,1507840158586,4,3,2,1,13,1
290821,1507840100424847,1507840100000,6,348093,1507840123367,4,1,17,1,20,2
290821,1507840100424847,1507840100000,6,159529,1507840164295,4,1,17,1,20,2
290821,1507840100424847,1507840100000,6,336245,1507840221594,4,1,17,1,20,2
290821,1507840100424847,1507840100000,6,9308,1507840672122,4,1,17,1,20,1
290821,1507840100424847,1507840100000,6,20691,1507841851905,4,1,17,1,20,2
290821,1507840100424847,1507840100000,6,288440,1507841881905,4,1,17,1,20,2
219870,1507840103499848,1507840103000,3,156381,1507840141729,4,3,2,1,10,1
219870,1507840103499848,1507840103000,3,183176,1507840323687,4,3,2,1,10,1
219870,1507840103499848,1507840103000,3,285533,1507840353687,4,3,2,1,10,1
120673,1507840104739849,1507840104000,2,156691,1507840423297,4,3,2,1,21,1
120673,1507840104739849,1507840104000,2,214084,1507840453297,4,3,2,1,21,1
26131,1507840111236850,1507840111000,2,233742,1507846972867,4,1,17,10,28,2
26131,1507840111236850,1507840111000,2,336245,1507847002867,4,1,17,10,28,2
215477,1507840114297851,1507840114000,2,336245,1507841995479,2,4,2,1,5,2
215477,1507840114297851,1507840114000,2,100924,1507842025479,2,4,2,1,5,2
13858,1507840116258852,1507840116000,2,20691,1507841122172,4,1,17,1,25,2
13858,1507840116258852,1507840116000,2,157973,1507841152172,4,1,17,1,25,2
33309,1507840118284853,1507840118000,2,96074,1507840150780,4,1,17,1,19,2
33309,1507840118284853,1507840118000,2,159529,1507840180780,4,1,17,1,19,2
117112,1507840124164854,1507840124000,2,288440,1507843939297,4,1,17,1,16,2
117112,1507840124164854,1507840124000,2,33191,1507843969297,4,1,17,1,16,2
287282,1507840124157855,1507840124000,2,348109,1507841244004,4,1,17,1,13,2
287282,1507840124157855,1507840124000,2,233742,1507841274004,4,1,17,1,13,2
3613,1507840125409856,1507840125000,2,283192,1507840789109,4,1,17,1,25,1
3613,1507840125409856,1507840125000,2,285130,1507840819109,4,1,17,1,25,1
135882,1507840125395857,1507840125000,3,348093,1507840162673,4,3,2,1,25,2
135882,1507840125395857,1507840125000,3,183176,1507843050522,4,3,2,1,25,1
135882,1507840125395857,1507840125000,3,284584,1507843080522,4,3,2,1,25,1
139983,1507840127650858,1507840127000,2,96074,1507840154425,2,4,2,1,25,2
139983,1507840127650858,1507840127000,2,9308,1507840184425,2,4,2,1,25,2
17952,1507840131950859,1507840131000,2,183176,1507841936686,4,1,17,1,5,7
17952,1507840131950859,1507840131000,2,286176,1507841966686,4,1,17,1,5,7
21113,1507840133216860,1507840133000,2,111043,1507840281988,4,3,2,1,24,2
21113,1507840133216860,1507840133000,2,183176,1507840311988,4,3,2,1,24,2
195715,1507840133235861,1507840133000,4,111043,1507840894021,4,1,17,1,21,2
195715,1507840133235861,1507840133000,4,183176,1507840895190,4,1,17,1,21,2
195715,1507840133235861,1507840133000,4,20691,1507841689002,4,1,17,1,21,2
195715,1507840133235861,1507840133000,4,288440,1507841719002,4,1,17,1,21,2
126524,1507840134110862,1507840134000,2,236279,1507840249847,4,4,20,1,21,5
126524,1507840134110862,1507840134000,2,236673,1507840279847,4,4,20,1,21,5
245616,1507840135102863,1507840135000,2,233742,1507840186453,4,1,17,1,21,2
245616,1507840135102863,1507840135000,2,336245,1507840216453,4,1,17,1,21,2
225973,1507840136384864,1507840136000,2,233688,1507840313772,4,3,2,1,16,2
225973,1507840136384864,1507840136000,2,111043,1507840343772,4,3,2,1,16,2
290822,1507840138321865,1507840138000,2,348093,1507840187201,2,4,2,1,25,2
290822,1507840138321865,1507840138000,2,96074,1507840217201,2,4,2,1,25,2
11761,1507840139221866,1507840139000,3,205873,1507842404545,4,3,20,1,21,7
11761,1507840139221866,1507840139000,3,20691,1507842484536,4,3,20,1,21,7
11761,1507840139221866,1507840139000,3,159720,1507842514536,4,3,20,1,21,7
290823,1507840141104867,1507840141000,2,57568,1507840320663,4,3,2,1,8,1
290823,1507840141104867,1507840141000,2,145122,1507840350663,4,3,2,1,8,1
290824,1507840142423868,1507840142000,3,156381,1507840171141,4,3,2,11,28,1
290824,1507840142423868,1507840142000,3,336245,1507840384125,4,3,2,11,28,1
290824,1507840142423868,1507840142000,3,9308,1507840414125,4,3,2,11,28,1
190937,1507840143386869,1507840143000,2,341720,1507840590390,4,3,20,1,25,1
190937,1507840143386869,1507840143000,2,285533,1507840620390,4,3,20,1,25,1
123989,1507840148336870,1507840148000,2,348093,1507840231026,4,3,2,1,16,2
123989,1507840148336870,1507840148000,2,111043,1507840261026,4,3,2,1,16,2
290825,1507840148383871,1507840148000,3,355163,1507840793745,4,3,2,1,25,1
290825,1507840148383871,1507840148000,3,50569,1507840961981,4,3,2,1,25,1
290825,1507840148383871,1507840148000,3,156381,1507840991981,4,3,2,1,25,1
50451,1507840148300872,1507840148000,3,348093,1507841649274,4,1,17,1,18,2
50451,1507840148300872,1507840148000,3,205873,1507846047133,4,1,17,1,18,2
50451,1507840148300872,1507840148000,3,162139,1507846077133,4,1,17,1,18,2
4702,1507840149461873,1507840149000,2,183176,1507841751187,4,3,2,11,28,2
4702,1507840149461873,1507840149000,2,316424,1507841781187,4,3,2,11,28,2
106803,1507840151116874,1507840151000,3,156381,1507842827409,4,1,17,1,16,1
106803,1507840151116874,1507840151000,3,158094,1507842851392,4,1,17,1,16,1
106803,1507840151116874,1507840151000,3,336245,1507842881392,4,1,17,1,16,1
144676,1507840163371875,1507840163000,2,348112,1507840167627,4,3,2,1,16,2
144676,1507840163371875,1507840163000,2,348093,1507840197627,4,3,2,1,16,2
290826,1507840167381876,1507840167000,2,336245,1507840250297,4,1,17,1,8,2
290826,1507840167381876,1507840167000,2,205873,1507840280297,4,1,17,1,8,2
68712,1507840168293877,1507840168000,2,202522,1507842994056,4,3,2,1,8,2
68712,1507840168293877,1507840168000,2,20691,1507843024056,4,3,2,1,8,2
170076,1507840172399878,1507840172000,4,183176,1507840346432,4,1,17,1,25,2
170076,1507840172399878,1507840172000,4,31805,1507849544605,4,1,17,1,25,2
170076,1507840172399878,1507840172000,4,70484,1507856748257,4,1,17,1,25,2
170076,1507840172399878,1507840172000,4,111043,1507856778257,4,1,17,1,25,2
122691,1507840180190879,1507840180000,5,205873,1507852192134,4,1,17,1,25,1
122691,1507840180190879,1507840180000,5,283437,1507852566644,4,1,17,1,25,1
122691,1507840180190879,1507840180000,5,50569,1507852623738,4,1,17,1,25,1
122691,1507840180190879,1507840180000,5,348104,1507860414815,4,1,17,1,25,1
122691,1507840180190879,1507840180000,5,159529,1507860444815,4,1,17,1,25,1
97451,1507840180408880,1507840180000,2,96074,1507840655946,2,3,20,1,25,2
97451,1507840180408880,1507840180000,2,215993,1507840685946,2,3,20,1,25,2
67706,1507840180260881,1507840180000,2,159529,1507840211735,4,3,20,1,25,2
67706,1507840180260881,1507840180000,2,233742,1507840241735,4,3,20,1,25,2
21816,1507840183639882,1507840183000,3,348121,1507840256195,4,3,2,1,24,1
21816,1507840183639882,1507840183000,3,348112,1507840359890,4,3,2,1,24,1
21816,1507840183639882,1507840183000,3,336245,1507840389890,4,3,2,1,24,1
115268,1507840184229883,1507840184000,2,355163,1507842623289,4,1,17,1,7,1
115268,1507840184229883,1507840184000,2,20691,1507842653289,4,1,17,1,7,1
24117,1507840185191884,1507840185000,2,159529,1507840356912,4,3,2,1,21,2
24117,1507840185191884,1507840185000,2,211392,1507840386912,4,3,2,1,21,2
290827,1507840187891885,1507840187000,2,156381,1507840207199,4,3,2,1,13,1
290827,1507840187891885,1507840187000,2,283192,1507840237199,4,3,2,1,13,1
170855,1507840188405886,1507840188000,2,31808,1507841248716,4,1,17,1,8,1
170855,1507840188405886,1507840188000,2,205873,1507841278716,4,1,17,1,8,1
87932,1507840193356887,1507840193000,2,283116,1507840423494,4,1,17,1,25,1
87932,1507840193356887,1507840193000,2,285533,1507840453494,4,1,17,1,25,1
211879,1507840193376888,1507840193000,2,348093,1507840240155,4,3,2,1,16,2
211879,1507840193376888,1507840193000,2,96074,1507840270155,4,3,2,1,16,2
223521,1507840196340889,1507840196000,2,31187,1507840269975,4,1,17,1,2,1
223521,1507840196340889,1507840196000,2,36705,1507840299975,4,1,17,1,2,1
290828,1507840197336890,1507840197000,2,336245,1507840621176,4,1,17,1,21,2
290828,1507840197336890,1507840197000,2,183176,1507840651176,4,1,17,1,21,2
85273,1507840198339891,1507840198000,2,233742,1507840358212,4,1,17,1,11,2
85273,1507840198339891,1507840198000,2,183176,1507840388212,4,1,17,1,11,2
65407,1507840201230892,1507840201000,3,233742,1507840533576,4,3,2,1,16,2
65407,1507840201230892,1507840201000,3,336245,1507841009519,4,3,2,1,16,2
65407,1507840201230892,1507840201000,3,285533,1507841039519,4,3,2,1,16,2
75834,1507840203206893,1507840203000,3,183176,1507840548442,4,3,2,1,25,2
75834,1507840203206893,1507840203000,3,111043,1507840621141,4,3,2,1,25,2
75834,1507840203206893,1507840203000,3,233688,1507840651141,4,3,2,1,25,2
81541,1507840203270894,1507840203000,3,96210,1507840473269,4,1,17,1,25,1
81541,1507840203270894,1507840203000,3,96127,1507840662401,4,1,17,1,25,1
81541,1507840203270894,1507840203000,3,194920,1507840692401,4,1,17,1,25,1
109433,1507840204131895,1507840204000,3,20691,1507843578840,4,1,17,1,2,2
109433,1507840204131895,1507840204000,3,288440,1507843582543,4,1,17,1,2,2
109433,1507840204131895,1507840204000,3,288435,1507843612543,4,1,17,1,2,2
22980,1507840204323896,1507840204000,2,336245,1507840532310,4,4,20,1,24,2
22980,1507840204323896,1507840204000,2,348093,1507840562310,4,4,20,1,24,2
91892,1507840212319897,1507840212000,2,96074,1507840270476,4,3,20,1,21,7
91892,1507840212319897,1507840212000,2,236673,1507840300476,4,3,20,1,21,7
22369,1507840213307898,1507840213000,4,233742,1507840241586,4,3,20,1,21,2
22369,1507840213307898,1507840213000,4,336245,1507840804282,4,3,20,1,21,2
22369,1507840213307898,1507840213000,4,236512,1507841283960,4,3,20,1,21,7
22369,1507840213307898,1507840213000,4,285533,1507841313960,4,3,20,1,21,7
145728,1507840214240899,1507840214000,2,128949,1507840383649,4,1,17,1,13,1
145728,1507840214240899,1507840214000,2,348112,1507840413649,4,1,17,1,13,1
290829,1507840214191900,1507840214000,2,160096,1507840239518,4,3,2,1,13,4
290829,1507840214191900,1507840214000,2,215993,1507840269518,4,3,2,1,13,4
132605,1507840215137901,1507840215000,2,336245,1507840315358,4,3,20,1,9,2
132605,1507840215137901,1507840215000,2,111043,1507840345358,4,3,20,1,9,2
290830,1507840216203902,1507840216000,2,336245,1507840353151,4,1,17,1,8,2
290830,1507840216203902,1507840216000,2,233742,1507840383151,4,1,17,1,8,2
125268,1507840216364903,1507840216000,6,183176,1507840239979,4,1,17,1,26,1
125268,1507840216364903,1507840216000,6,348112,1507840255931,4,1,17,1,26,1
125268,1507840216364903,1507840216000,6,304705,1507840275128,4,1,17,1,26,1
125268,1507840216364903,1507840216000,6,31187,1507840294793,4,1,17,1,26,1
125268,1507840216364903,1507840216000,6,336245,1507841089031,4,1,17,1,26,1
125268,1507840216364903,1507840216000,6,9308,1507841119031,4,1,17,1,26,1
16345,1507840217248904,1507840217000,2,20691,1507842364510,4,3,2,1,25,2
16345,1507840217248904,1507840217000,2,288440,1507842394510,4,3,2,1,25,2
135034,1507840218112905,1507840218000,2,288440,1507842411609,4,3,2,1,13,2
135034,1507840218112905,1507840218000,2,20691,1507842441609,4,3,2,1,13,2
290831,1507840220198906,1507840220000,2,355178,1507840451025,4,1,12,1,21,1
290831,1507840220198906,1507840220000,2,355179,1507840481025,4,1,12,1,21,1
29825,1507840220160907,1507840220000,3,338164,1507840340772,4,1,17,1,25,1
29825,1507840220160907,1507840220000,3,348093,1507840445350,4,1,17,1,25,1
29825,1507840220160907,1507840220000,3,348089,1507840475350,4,1,17,1,25,1
290832,1507840222409908,1507840222000,3,183176,1507841131459,4,3,2,1,25,2
290832,1507840222409908,1507840222000,3,336245,1507841178390,4,3,2,1,25,1
290832,1507840222409908,1507840222000,3,233688,1507841208390,4,3,2,1,25,1
122,1507840222358909,1507840222000,4,336220,1507840290460,4,4,2,1,16,2
122,1507840222358909,1507840222000,4,96074,1507840726212,4,4,2,1,16,2
122,1507840222358909,1507840222000,4,233742,1507840961037,4,4,2,1,16,2
122,1507840222358909,1507840222000,4,183176,1507840991037,4,4,2,1,16,2
4213,1507840224402910,1507840224000,3,119522,1507841070216,4,3,2,1,5,2
4213,1507840224402910,1507840224000,3,202522,1507843023424,4,3,2,1,5,2
4213,1507840224402910,1507840224000,3,205873,1507843053424,4,3,2,1,5,2
92311,1507840224371911,1507840224000,2,159529,1507841293859,4,1,17,1,13,2
92311,1507840224371911,1507840224000,2,336245,1507841323859,4,1,17,1,13,2
290833,1507840225271912,1507840225000,2,233688,1507840376754,4,3,2,1,25,2
290833,1507840225271912,1507840225000,2,215993,1507840406754,4,3,2,1,25,2
211019,1507840225217913,1507840225000,2,283192,1507840225350,4,3,2,11,28,6
211019,1507840225217913,1507840225000,2,129267,1507840255350,4,3,2,11,28,6
70905,1507840225169914,1507840225000,2,214658,1507840258295,4,3,2,1,15,1
70905,1507840225169914,1507840225000,2,211722,1507840288295,4,3,2,1,15,1
105707,1507840229338915,1507840229000,4,96074,1507840246578,4,1,17,1,25,2
105707,1507840229338915,1507840229000,4,78374,1507841335448,4,1,17,1,25,4
105707,1507840229338915,1507840229000,4,336245,1507841384788,4,1,17,1,25,1
105707,1507840229338915,1507840229000,4,233742,1507841414788,4,1,17,1,25,1
228393,1507840240378916,1507840240000,4,159529,1507840241626,2,4,2,1,13,2
228393,1507840240378916,1507840240000,4,348109,1507841413533,2,4,2,1,13,2
228393,1507840240378916,1507840240000,4,288440,1507841848559,2,4,2,1,13,2
228393,1507840240378916,1507840240000,4,233742,1507841878559,2,4,2,1,13,2
233154,1507840242113917,1507840242000,4,159529,1507840435003,4,1,13,1,25,2
233154,1507840242113917,1507840242000,4,233688,1507840594539,4,1,13,1,25,2
233154,1507840242113917,1507840242000,4,183176,1507840657199,4,1,13,1,25,2
233154,1507840242113917,1507840242000,4,111043,1507840687199,4,1,13,1,25,2
45884,1507840244395918,1507840244000,2,20691,1507841981021,4,4,20,1,25,2
45884,1507840244395918,1507840244000,2,159529,1507842011021,4,4,20,1,25,2
12501,1507840246407919,1507840246000,2,96210,1507840285068,4,3,2,1,9,1
12501,1507840246407919,1507840246000,2,96127,1507840315068,4,3,2,1,9,1
35134,1507840247302920,1507840247000,2,183176,1507840438037,4,3,2,1,25,2
35134,1507840247302920,1507840247000,2,111043,1507840468037,4,3,2,1,25,2
23250,1507840251219921,1507840251000,2,183176,1507840355171,4,3,2,1,13,2
23250,1507840251219921,1507840251000,2,111043,1507840385171,4,3,2,1,13,2
110106,1507840252101922,1507840252000,2,156381,1507844297546,4,1,17,1,21,1
110106,1507840252101922,1507840252000,2,205873,1507844327546,4,1,17,1,21,1
151348,1507840252118923,1507840252000,2,348093,1507840405040,4,1,17,10,28,2
151348,1507840252118923,1507840252000,2,336245,1507840435040,4,1,17,10,28,2
36709,1507840253230924,1507840253000,2,96074,1507840401883,4,3,2,1,17,2
36709,1507840253230924,1507840253000,2,159529,1507840431883,4,3,2,1,17,2
290834,1507840253415925,1507840253000,2,348093,1507840285544,4,1,17,11,28,2
290834,1507840253415925,1507840253000,2,348112,1507840315544,4,1,17,11,28,2
13995,1507840264189926,1507840264000,3,75843,1507846867029,4,1,17,1,8,1
13995,1507840264189926,1507840264000,3,50569,1507846867204,4,1,17,1,8,1
13995,1507840264189926,1507840264000,3,355157,1507846897204,4,1,17,1,8,1
190830,1507840266198927,1507840266000,2,288440,1507843014855,4,3,2,1,25,2
190830,1507840266198927,1507840266000,2,20691,1507843044855,4,3,2,1,25,2
17203,1507840271317928,1507840271000,2,336245,1507840412713,4,1,17,1,25,2
17203,1507840271317928,1507840271000,2,96074,1507840442713,4,1,17,1,25,2
290835,1507840273763929,1507840273000,3,233688,1507840729944,4,4,20,1,25,2
290835,1507840273763929,1507840273000,3,215993,1507840827409,4,4,20,1,25,1
290835,1507840273763929,1507840273000,3,183176,1507840857409,4,4,20,1,25,1
99344,1507840276288930,1507840276000,3,336245,1507840318035,4,1,17,1,25,2
99344,1507840276288930,1507840276000,3,183176,1507840323651,4,1,17,1,25,2
99344,1507840276288930,1507840276000,3,111043,1507840353651,4,1,17,1,25,2
98909,1507840277227931,1507840277000,2,159529,1507840372956,4,3,2,1,9,2
98909,1507840277227931,1507840277000,2,96210,1507840402956,4,3,2,1,9,2
139209,1507840280859932,1507840280000,8,348093,1507842070085,4,1,17,1,25,2
139209,1507840280859932,1507840280000,8,285533,1507842138232,4,1,17,1,25,1
139209,1507840280859932,1507840280000,8,233688,1507842226318,4,1,17,1,25,1
139209,1507840280859932,1507840280000,8,224702,1507842396235,4,1,17,1,25,1
139209,1507840280859932,1507840280000,8,183176,1507843136997,4,1,17,1,25,2
139209,1507840280859932,1507840280000,8,20691,1507845830746,4,1,17,1,25,2
139209,1507840280859932,1507840280000,8,96210,1507845957713,4,1,17,1,25,1
139209,1507840280859932,1507840280000,8,289080,1507845987713,4,1,17,1,25,1
216073,1507840281208933,1507840281000,2,183176,1507840281541,4,3,20,1,24,7
216073,1507840281208933,1507840281000,2,96074,1507840311541,4,3,20,1,24,7
22959,1507840282655934,1507840282000,2,273496,1507840306576,4,1,17,1,25,1
22959,1507840282655934,1507840282000,2,234192,1507840336576,4,1,17,1,25,1
213983,1507840282330935,1507840282000,6,159529,1507840333317,4,3,2,1,16,2
213983,1507840282330935,1507840282000,6,20691,1507842278136,4,3,2,1,16,2
213983,1507840282330935,1507840282000,6,233688,1507842608774,4,3,2,1,16,2
213983,1507840282330935,1507840282000,6,336245,1507842757987,4,3,2,1,16,1
213983,1507840282330935,1507840282000,6,9308,1507842874088,4,3,2,1,16,1
213983,1507840282330935,1507840282000,6,111043,1507842904088,4,3,2,1,16,1
199623,1507840283326936,1507840283000,2,336245,1507840815293,4,1,17,1,24,2
199623,1507840283326936,1507840283000,2,233742,1507840845293,4,1,17,1,24,2
98329,1507840285345937,1507840285000,4,214084,1507840497744,4,1,17,1,7,1
98329,1507840285345937,1507840285000,4,84892,1507840636425,4,1,17,1,7,1
98329,1507840285345937,1507840285000,4,50569,1507842963848,4,1,17,1,7,1
98329,1507840285345937,1507840285000,4,157973,1507842993848,4,1,17,1,7,1
242077,1507840288102938,1507840288000,3,325456,1507840288252,4,1,17,1,25,5
242077,1507840288102938,1507840288000,3,309404,1507840820898,4,1,17,1,25,5
242077,1507840288102938,1507840288000,3,309538,1507840850898,4,1,17,1,25,5
20569,1507840289295939,1507840289000,15,156381,1507840502211,4,1,17,1,25,1
20569,1507840289295939,1507840289000,15,336245,1507840654792,4,1,17,1,25,1
20569,1507840289295939,1507840289000,15,96210,1507840736225,4,1,17,1,25,1
20569,1507840289295939,1507840289000,15,233742,1507840981076,4,1,17,1,25,1
20569,1507840289295939,1507840289000,15,348109,1507842318770,4,1,17,1,25,1
20569,1507840289295939,1507840289000,15,158512,1507842927632,4,1,17,1,25,1
20569,1507840289295939,1507840289000,15,285130,1507843276452,4,1,17,1,25,1
20569,1507840289295939,1507840289000,15,214084,1507843477331,4,1,17,1,25,1
20569,1507840289295939,1507840289000,15,75843,1507843885538,4,1,17,1,25,1
20569,1507840289295939,1507840289000,15,163548,1507844115527,4,1,17,1,25,1
20569,1507840289295939,1507840289000,15,348100,1507847822327,4,1,17,1,25,1
20569,1507840289295939,1507840289000,15,4549,1507848159692,4,1,17,1,25,1
20569,1507840289295939,1507840289000,15,283437,1507848431515,4,1,17,1,25,1
20569,1507840289295939,1507840289000,15,258007,1507848872503,4,1,17,1,25,1
20569,1507840289295939,1507840289000,15,42430,1507848902503,4,1,17,1,25,1
290836,1507840291543940,1507840291000,3,205873,1507840343684,4,1,17,1,26,1
290836,1507840291543940,1507840291000,3,304040,1507840535794,4,1,17,1,26,1
290836,1507840291543940,1507840291000,3,336245,1507840565794,4,1,17,1,26,1
171882,1507840292234941,1507840292000,2,30957,1507840456940,4,3,2,1,5,1
171882,1507840292234941,1507840292000,2,31805,1507840486940,4,3,2,1,5,1
101295,1507840293929942,1507840293000,2,20691,1507842213766,4,3,2,1,16,2
101295,1507840293929942,1507840293000,2,288440,1507842243766,4,3,2,1,16,2
4568,1507840294186943,1507840294000,16,258007,1507840473076,4,3,2,1,25,1
4568,1507840294186943,1507840294000,16,2116,1507840741625,4,3,2,1,25,1
4568,1507840294186943,1507840294000,16,351512,1507840971677,4,3,2,1,25,1
4568,1507840294186943,1507840294000,16,96210,1507842947574,4,3,2,1,25,1
4568,1507840294186943,1507840294000,16,96127,1507843079356,4,3,2,1,25,1
4568,1507840294186943,1507840294000,16,96586,1507843213557,4,3,2,1,25,1
4568,1507840294186943,1507840294000,16,288646,1507844253705,4,3,2,1,25,1
4568,1507840294186943,1507840294000,16,314263,1507844502248,4,3,2,1,25,1
4568,1507840294186943,1507840294000,16,271410,1507845369134,4,3,2,1,25,1
4568,1507840294186943,1507840294000,16,270885,1507845477270,4,3,2,1,25,1
4568,1507840294186943,1507840294000,16,293320,1507845773632,4,3,2,1,25,1
4568,1507840294186943,1507840294000,16,236512,1507845825172,4,3,2,1,25,1
4568,1507840294186943,1507840294000,16,194568,1507845951134,4,3,2,1,25,1
4568,1507840294186943,1507840294000,16,111043,1507847396296,4,3,2,1,25,1
4568,1507840294186943,1507840294000,16,282741,1507847587230,4,3,2,1,25,1
4568,1507840294186943,1507840294000,16,233742,1507847617230,4,3,2,1,25,1
149175,1507840296373944,1507840296000,2,50569,1507840462772,4,1,17,1,25,1
149175,1507840296373944,1507840296000,2,50611,1507840492772,4,1,17,1,25,1
2105,1507840298257945,1507840298000,2,283192,1507840639922,4,3,2,1,25,1
2105,1507840298257945,1507840298000,2,50569,1507840669922,4,3,2,1,25,1
1651,1507840298881946,1507840298000,4,50569,1507840428886,4,3,20,1,25,1
1651,1507840298881946,1507840298000,4,42430,1507840660639,4,3,20,1,25,1
1651,1507840298881946,1507840298000,4,341134,1507840902233,4,3,20,1,25,1
1651,1507840298881946,1507840298000,4,292424,1507840932233,4,3,20,1,25,1
192192,1507840306437947,1507840306000,2,348093,1507840740514,4,1,17,1,19,2
192192,1507840306437947,1507840306000,2,20691,1507840770514,4,1,17,1,19,2
290837,1507840308250948,1507840308000,2,233688,1507842263017,4,3,20,1,25,2
290837,1507840308250948,1507840308000,2,215993,1507842293017,4,3,20,1,25,2
290838,1507840309339949,1507840309000,6,336245,1507840552524,4,4,2,1,13,2
290838,1507840309339949,1507840309000,6,233688,1507840992733,4,4,2,1,13,2
290838,1507840309339949,1507840309000,6,215993,1507841132274,4,4,2,1,13,1
290838,1507840309339949,1507840309000,6,348112,1507841363702,4,4,2,1,13,1
290838,1507840309339949,1507840309000,6,96210,1507841556611,4,4,2,1,13,1
290838,1507840309339949,1507840309000,6,183176,1507841586611,4,4,2,1,13,1
953,1507840309335950,1507840309000,3,159529,1507840467458,4,3,2,1,21,2
953,1507840309335950,1507840309000,3,96074,1507841393609,4,3,2,1,21,2
953,1507840309335950,1507840309000,3,233688,1507841423609,4,3,2,1,21,2
76272,1507840310174951,1507840310000,2,283192,1507840696940,4,3,2,1,8,1
76272,1507840310174951,1507840310000,2,156381,1507840726940,4,3,2,1,8,1
237297,1507840311287952,1507840311000,2,348093,1507840630654,4,3,20,1,25,2
237297,1507840311287952,1507840311000,2,284096,1507840660654,4,3,20,1,25,2
22964,1507840312423953,1507840312000,2,156381,1507840795439,4,1,17,3,28,1
22964,1507840312423953,1507840312000,2,9308,1507840825439,4,1,17,3,28,1
231351,1507840312641954,1507840312000,2,20691,1507842841964,4,3,2,1,25,2
231351,1507840312641954,1507840312000,2,288440,1507842871964,4,3,2,1,25,2
290839,1507840313264955,1507840313000,2,348109,1507847590052,4,1,12,1,21,2
290839,1507840313264955,1507840313000,2,111043,1507847620052,4,1,12,1,21,2
23945,1507840315703956,1507840315000,3,336245,1507840409369,4,3,2,1,24,2
23945,1507840315703956,1507840315000,3,96074,1507840562276,4,3,2,1,24,2
23945,1507840315703956,1507840315000,3,159529,1507840592276,4,3,2,1,24,2
229769,1507840315344957,1507840315000,2,288440,1507841991103,4,4,2,1,21,2
229769,1507840315344957,1507840315000,2,9308,1507842021103,4,4,2,1,21,2
105246,1507840319402958,1507840319000,2,96074,1507840341395,4,1,17,1,25,2
105246,1507840319402958,1507840319000,2,288440,1507840371395,4,1,17,1,25,2
281785,1507840321236959,1507840321000,3,74722,1507840461442,4,1,12,1,17,4
281785,1507840321236959,1507840321000,3,348093,1507842081190,4,1,12,1,17,1
281785,1507840321236959,1507840321000,3,348127,1507842111190,4,1,12,1,17,1
290840,1507840322246960,1507840322000,3,156381,1507840359028,4,3,2,1,25,1
290840,1507840322246960,1507840322000,3,235383,1507840446248,4,3,2,1,25,1
290840,1507840322246960,1507840322000,3,214084,1507840476248,4,3,2,1,25,1
24685,1507840323172961,1507840323000,2,348093,1507841770060,4,3,2,1,16,2
24685,1507840323172961,1507840323000,2,348089,1507841800060,4,3,2,1,16,2
93604,1507840327309962,1507840327000,2,235383,1507840492785,4,1,17,1,24,1
93604,1507840327309962,1507840327000,2,61395,1507840522785,4,1,17,1,24,1
290841,1507840329347963,1507840329000,3,341134,1507840361473,4,4,2,1,21,4
290841,1507840329347963,1507840329000,3,96242,1507840704594,4,4,2,1,21,4
290841,1507840329347963,1507840329000,3,233742,1507840734594,4,4,2,1,21,4
61850,1507840330725964,1507840330000,6,348093,1507840541475,4,1,17,1,2,1
61850,1507840330725964,1507840330000,6,352265,1507841081853,4,1,17,1,2,1
61850,1507840330725964,1507840330000,6,10253,1507842510352,4,1,17,1,2,1
61850,1507840330725964,1507840330000,6,348109,1507842765913,4,1,17,1,2,1
61850,1507840330725964,1507840330000,6,31805,1507843203871,4,1,17,1,2,1
61850,1507840330725964,1507840330000,6,314263,1507843233871,4,1,17,1,2,1
33946,1507840330391965,1507840330000,4,336245,1507840477796,4,1,17,1,25,2
33946,1507840330391965,1507840330000,4,96252,1507840733395,4,1,17,1,25,2
33946,1507840330391965,1507840330000,4,96074,1507840870341,4,1,17,1,25,2
33946,1507840330391965,1507840330000,4,348093,1507840900341,4,1,17,1,25,2
34169,1507840332229966,1507840332000,3,96074,1507840799490,4,3,2,1,20,2
34169,1507840332229966,1507840332000,3,233742,1507840928315,4,3,2,1,20,2
34169,1507840332229966,1507840332000,3,336245,1507840958315,4,3,2,1,20,2
290842,1507840332401967,1507840332000,2,191929,1507840332600,4,1,17,1,17,5
290842,1507840332401967,1507840332000,2,62463,1507840362600,4,1,17,1,17,5
290843,1507840333419968,1507840333000,2,336245,1507840447425,4,1,17,1,16,2
290843,1507840333419968,1507840333000,2,74722,1507840477425,4,1,17,1,16,2
158304,1507840336385969,1507840336000,2,96074,1507840336100,4,3,2,1,25,2
158304,1507840336385969,1507840336000,2,183176,1507840366100,4,3,2,1,25,2
15648,1507840339252970,1507840339000,2,111043,1507840940075,4,1,17,1,7,2
15648,1507840339252970,1507840339000,2,159197,1507840970075,4,1,17,1,7,2
290844,1507840345378971,1507840345000,2,352265,1507840741578,4,1,17,1,25,1
290844,1507840345378971,1507840345000,2,50569,1507840771578,4,1,17,1,25,1
290845,1507840345126972,1507840345000,2,41781,1507841740150,4,4,20,1,25,5
290845,1507840345126972,1507840345000,2,42407,1507841770150,4,4,20,1,25,5
290846,1507840346402973,1507840346000,2,348093,1507842022684,4,3,20,1,16,2
290846,1507840346402973,1507840346000,2,9308,1507842052684,4,3,20,1,16,2
107689,1507840348899974,1507840348000,4,348093,1507840388941,4,3,2,1,15,2
107689,1507840348899974,1507840348000,4,348112,1507840520807,4,3,2,1,15,1
107689,1507840348899974,1507840348000,4,233742,1507841350121,4,3,2,1,15,2
107689,1507840348899974,1507840348000,4,336245,1507841380121,4,3,2,1,15,2
272211,1507840351136975,1507840351000,2,348093,1507840360654,4,3,2,1,13,2
272211,1507840351136975,1507840351000,2,96074,1507840390654,4,3,2,1,13,2
167467,1507840353434976,1507840353000,2,348093,1507840440864,4,3,2,1,15,2
167467,1507840353434976,1507840353000,2,42430,1507840470864,4,3,2,1,15,2
9144,1507840354803977,1507840354000,3,96074,1507840659263,4,1,17,1,25,2
9144,1507840354803977,1507840354000,3,159529,1507840762939,4,1,17,1,25,2
9144,1507840354803977,1507840354000,3,336245,1507840792939,4,1,17,1,25,2
24137,1507840356383978,1507840356000,4,283192,1507840506726,4,1,17,1,25,1
24137,1507840356383978,1507840356000,4,156381,1507842772589,4,1,17,1,25,1
24137,1507840356383978,1507840356000,4,283437,1507850063003,4,1,17,1,25,1
24137,1507840356383978,1507840356000,4,336245,1507850093003,4,1,17,1,25,1
136433,1507840361183979,1507840361000,3,48796,1507840415352,4,1,17,1,6,1
136433,1507840361183979,1507840361000,3,49017,1507840482439,4,1,17,1,6,1
136433,1507840361183979,1507840361000,3,47794,1507840512439,4,1,17,1,6,1
4937,1507840362129980,1507840362000,7,50569,1507840449235,4,3,2,1,21,1
4937,1507840362129980,1507840362000,7,162276,1507840465323,4,3,2,1,21,1
4937,1507840362129980,1507840362000,7,156691,1507840474754,4,3,2,1,21,1
4937,1507840362129980,1507840362000,7,161873,1507840485191,4,3,2,1,21,1
4937,1507840362129980,1507840362000,7,158512,1507840510511,4,3,2,1,21,1
4937,1507840362129980,1507840362000,7,212050,1507840805602,4,3,2,1,21,1
4937,1507840362129980,1507840362000,7,50400,1507840835602,4,3,2,1,21,1
17424,1507840365145981,1507840365000,3,183176,1507840570621,4,3,2,1,24,1
17424,1507840365145981,1507840365000,3,111043,1507840617063,4,3,2,1,24,1
17424,1507840365145981,1507840365000,3,42430,1507840647063,4,3,2,1,24,1
5839,1507840367179982,1507840367000,2,202522,1507844668640,4,3,20,1,21,2
5839,1507840367179982,1507840367000,2,20691,1507844698640,4,3,20,1,21,2
290847,1507840368315983,1507840368000,2,348093,1507840666872,4,3,20,1,25,1
290847,1507840368315983,1507840368000,2,283192,1507840696872,4,3,20,1,25,1
290848,1507840370410984,1507840370000,2,270547,1507840392833,4,3,2,1,25,1
290848,1507840370410984,1507840370000,2,336245,1507840422833,4,3,2,1,25,1
290849,1507840370375985,1507840370000,3,159529,1507844204676,4,1,17,1,6,2
290849,1507840370375985,1507840370000,3,233742,1507844480137,4,1,17,1,6,1
290849,1507840370375985,1507840370000,3,20691,1507844510137,4,1,17,1,6,1
9331,1507840371363986,1507840371000,2,270547,1507840415702,4,1,17,1,20,1
9331,1507840371363986,1507840371000,2,336245,1507840445702,4,1,17,1,20,1
194344,1507840372257987,1507840372000,4,283192,1507840372961,4,4,20,1,8,6
194344,1507840372257987,1507840372000,4,96210,1507842318945,4,4,20,1,8,6
194344,1507840372257987,1507840372000,4,96127,1507842667706,4,4,20,1,8,1
194344,1507840372257987,1507840372000,4,214084,1507842697706,4,4,20,1,8,1
145770,1507840373383988,1507840373000,2,156381,1507840385269,4,1,17,1,25,1
145770,1507840373383988,1507840373000,2,50569,1507840415269,4,1,17,1,25,1
287085,1507840374410989,1507840374000,2,156381,1507840445777,4,3,2,1,20,1
287085,1507840374410989,1507840374000,2,271517,1507840475777,4,3,2,1,20,1
147767,1507840378264990,1507840378000,2,156381,1507840415836,2,3,20,1,24,1
147767,1507840378264990,1507840378000,2,212050,1507840445836,2,3,20,1,24,1
119236,1507840380225991,1507840380000,3,327984,1507841620222,4,3,2,1,25,1
119236,1507840380225991,1507840380000,3,233688,1507841666994,4,3,2,1,25,1
119236,1507840380225991,1507840380000,3,283505,1507841696994,4,3,2,1,25,1
167482,1507840382775992,1507840382000,2,336245,1507840700899,4,1,17,1,25,2
167482,1507840382775992,1507840382000,2,9308,1507840730899,4,1,17,1,25,2
290850,1507840384314993,1507840384000,4,235396,1507840542160,4,3,20,10,28,1
290850,1507840384314993,1507840384000,4,283192,1507840627472,4,3,20,10,28,1
290850,1507840384314993,1507840384000,4,214084,1507840867248,4,3,20,10,28,1
290850,1507840384314993,1507840384000,4,96210,1507840897248,4,3,20,10,28,1
290851,1507840385329994,1507840385000,2,183176,1507841591421,4,1,17,1,25,2
290851,1507840385329994,1507840385000,2,111043,1507841621421,4,1,17,1,25,2
263345,1507840385361995,1507840385000,2,288440,1507842080621,4,3,2,1,25,2
263345,1507840385361995,1507840385000,2,336245,1507842110621,4,3,2,1,25,2
99208,1507840387281996,1507840387000,2,111043,1507842132960,4,3,2,1,13,2
99208,1507840387281996,1507840387000,2,50569,1507842162960,4,3,2,1,13,2
35298,1507840389317997,1507840389000,2,159529,1507840400460,2,4,2,1,25,2
35298,1507840389317997,1507840389000,2,233742,1507840430460,2,4,2,1,25,2
37255,1507840391322998,1507840391000,2,348093,1507840435269,4,1,17,1,7,2
37255,1507840391322998,1507840391000,2,233742,1507840465269,4,1,17,1,7,2
199247,1507840395224999,1507840395000,2,233742,1507840428270,4,3,20,1,25,2
199247,1507840395224999,1507840395000,2,111043,1507840458270,4,3,20,1,25,2
152669,1507840395414000,1507840395000,2,283192,1507840486012,4,1,17,11,28,1
152669,1507840395414000,1507840395000,2,20691,1507840516012,4,1,17,11,28,1
693,1507840397434001,1507840397000,2,74722,1507840428940,4,3,2,1,25,4
693,1507840397434001,1507840397000,2,211723,1507840458940,4,3,2,1,25,4
25568,1507840401363002,1507840401000,2,327118,1507840623245,4,3,2,1,25,1
25568,1507840401363002,1507840401000,2,289034,1507840653245,4,3,2,1,25,1
203035,1507840403312003,1507840403000,2,321989,1507840636455,4,1,17,1,25,4
203035,1507840403312003,1507840403000,2,324621,1507840666455,4,1,17,1,25,4
10120,1507840404298004,1507840404000,4,362538,1507840447041,4,3,2,1,27,1
10120,1507840404298004,1507840404000,4,363297,1507840525055,4,3,2,1,27,1
10120,1507840404298004,1507840404000,4,205873,1507841700138,4,3,2,1,27,1
10120,1507840404298004,1507840404000,4,215993,1507841730138,4,3,2,1,27,1
211850,1507840405306005,1507840405000,3,156381,1507840939405,4,3,20,1,13,1
211850,1507840405306005,1507840405000,3,283192,1507841152614,4,3,20,1,13,1
211850,1507840405306005,1507840405000,3,61395,1507841182614,4,3,20,1,13,1
265216,1507840406718006,1507840406000,2,96074,1507840651752,4,3,2,1,14,2
265216,1507840406718006,1507840406000,2,96210,1507840681752,4,3,2,1,14,2
257686,1507840407122007,1507840407000,2,233742,1507840880213,4,1,17,1,21,2
257686,1507840407122007,1507840407000,2,96210,1507840910213,4,1,17,1,21,2
64759,1507840407236008,1507840407000,8,159529,1507840944340,4,1,17,1,7,2
64759,1507840407236008,1507840407000,8,336245,1507841256018,4,1,17,1,7,1
64759,1507840407236008,1507840407000,8,233742,1507841450310,4,1,17,1,7,1
64759,1507840407236008,1507840407000,8,96210,1507842019824,4,1,17,1,7,1
64759,1507840407236008,1507840407000,8,215993,1507842368295,4,1,17,1,7,1
64759,1507840407236008,1507840407000,8,111043,1507843261184,4,1,17,1,7,2
64759,1507840407236008,1507840407000,8,288440,1507858942327,4,1,17,1,7,2
64759,1507840407236008,1507840407000,8,337441,1507858972327,4,1,17,1,7,2
123744,1507840408379009,1507840408000,4,183176,1507840713989,4,1,17,1,21,2
123744,1507840408379009,1507840408000,4,233688,1507840803913,4,1,17,1,21,1
123744,1507840408379009,1507840408000,4,233926,1507841325696,4,1,17,1,21,1
123744,1507840408379009,1507840408000,4,234269,1507841355696,4,1,17,1,21,1
10452,1507840410383010,1507840410000,2,96074,1507840757261,4,1,17,1,14,2
10452,1507840410383010,1507840410000,2,20691,1507840787261,4,1,17,1,14,2
175257,1507840411411011,1507840411000,2,205873,1507842267098,4,1,17,1,17,2
175257,1507840411411011,1507840411000,2,348112,1507842297098,4,1,17,1,17,2
787,1507840412195012,1507840412000,2,96074,1507840509716,4,1,12,1,16,7
787,1507840412195012,1507840412000,2,336245,1507840539716,4,1,12,1,16,7
172894,1507840417910013,1507840417000,2,348093,1507840495806,4,1,17,1,5,1
172894,1507840417910013,1507840417000,2,30827,1507840525806,4,1,17,1,5,1
211764,1507840417269014,1507840417000,2,277139,1507841332870,4,4,20,1,13,1
211764,1507840417269014,1507840417000,2,214084,1507841362870,4,4,20,1,13,1
220247,1507840417402015,1507840417000,2,159529,1507840658000,4,3,20,1,20,2
220247,1507840417402015,1507840417000,2,233688,1507840688000,4,3,20,1,20,2
290852,1507840419349016,1507840419000,2,348601,1507840423414,4,1,17,1,25,5
290852,1507840419349016,1507840419000,2,350010,1507840453414,4,1,17,1,25,5
161492,1507840422199017,1507840422000,2,50569,1507840573227,4,1,12,10,28,1
161492,1507840422199017,1507840422000,2,336245,1507840603227,4,1,12,10,28,1
20965,1507840423130018,1507840423000,2,183176,1507840598576,4,3,20,1,21,2
20965,1507840423130018,1507840423000,2,233688,1507840628576,4,3,20,1,21,2
204012,1507840427192019,1507840427000,2,156381,1507840452486,4,1,17,1,12,1
204012,1507840427192019,1507840427000,2,205873,1507840482486,4,1,17,1,12,1
290853,1507840431197020,1507840431000,2,183176,1507840589764,4,3,2,1,25,2
290853,1507840431197020,1507840431000,2,181274,1507840619764,4,3,2,1,25,2
32999,1507840434285021,1507840434000,2,50569,1507840538029,4,1,17,1,15,1
32999,1507840434285021,1507840434000,2,181849,1507840568029,4,1,17,1,15,1
133831,1507840435306022,1507840435000,2,183176,1507840627601,4,1,17,1,16,2
133831,1507840435306022,1507840435000,2,336245,1507840657601,4,1,17,1,16,2
158839,1507840439392023,1507840439000,2,20691,1507842327677,4,3,2,1,25,2
158839,1507840439392023,1507840439000,2,96103,1507842357677,4,3,2,1,25,2
217046,1507840440361024,1507840440000,3,348093,1507840827504,2,4,20,1,21,2
217046,1507840440361024,1507840440000,3,159529,1507841156307,2,4,20,1,21,2
217046,1507840440361024,1507840440000,3,233742,1507841186307,2,4,20,1,21,2
50910,1507840441408025,1507840441000,2,348093,1507840680501,4,3,2,1,25,2
50910,1507840441408025,1507840441000,2,159529,1507840710501,4,3,2,1,25,2
45395,1507840446125026,1507840446000,3,235396,1507840450155,4,1,17,1,16,7
45395,1507840446125026,1507840446000,3,285533,1507840501513,4,1,17,1,16,1
45395,1507840446125026,1507840446000,3,156381,1507840531513,4,1,17,1,16,1
168118,1507840447335027,1507840447000,2,50569,1507840532046,4,1,17,1,21,1
168118,1507840447335027,1507840447000,2,120967,1507840562046,4,1,17,1,21,1
36662,1507840452195028,1507840452000,3,96074,1507840585189,4,3,2,1,25,2
36662,1507840452195028,1507840452000,3,348093,1507841064900,4,3,2,1,25,2
36662,1507840452195028,1507840452000,3,336245,1507841094900,4,3,2,1,25,2
290854,1507840456228029,1507840456000,2,159529,1507840497709,4,1,17,1,21,2
290854,1507840456228029,1507840456000,2,20691,1507840527709,4,1,17,1,21,2
290855,1507840456253030,1507840456000,2,348110,1507840837391,4,3,2,1,25,1
290855,1507840456253030,1507840456000,2,96210,1507840867391,4,3,2,1,25,1
17303,1507840456311031,1507840456000,2,233688,1507843074577,4,1,17,1,25,1
17303,1507840456311031,1507840456000,2,283243,1507843104577,4,1,17,1,25,1
107995,1507840458252032,1507840458000,3,42430,1507841186489,4,1,17,1,16,1
107995,1507840458252032,1507840458000,3,156381,1507842475457,4,1,17,1,16,1
107995,1507840458252032,1507840458000,3,348093,1507842505457,4,1,17,1,16,1
290856,1507840458329033,1507840458000,2,96074,1507841170019,4,3,2,1,6,2
290856,1507840458329033,1507840458000,2,258007,1507841200019,4,3,2,1,6,2
214092,1507840458126034,1507840458000,4,159529,1507840503786,4,1,17,1,24,2
214092,1507840458126034,1507840458000,4,336245,1507840522565,4,1,17,1,24,2
214092,1507840458126034,1507840458000,4,20691,1507841988070,4,1,17,1,24,2
214092,1507840458126034,1507840458000,4,288440,1507842018070,4,1,17,1,24,2
290857,1507840458860035,1507840458000,2,336245,1507840497961,4,1,17,1,11,2
290857,1507840458860035,1507840458000,2,20691,1507840527961,4,1,17,1,11,2
43940,1507840459456036,1507840459000,2,336245,1507840583548,2,3,20,1,25,2
43940,1507840459456036,1507840459000,2,355163,1507840613548,2,3,20,1,25,2
114908,1507840460374037,1507840460000,4,96074,1507840648110,2,4,2,1,25,2
114908,1507840460374037,1507840460000,4,288440,1507841968643,2,4,2,1,25,2
114908,1507840460374037,1507840460000,4,233742,1507842421316,2,4,2,1,25,2
114908,1507840460374037,1507840460000,4,159529,1507842451316,2,4,2,1,25,2
270208,1507840460208038,1507840460000,2,336245,1507840520932,4,1,12,1,5,2
270208,1507840460208038,1507840460000,2,159529,1507840550932,4,1,12,1,5,2
290858,1507840461335039,1507840461000,2,233742,1507840498603,4,1,17,1,16,2
290858,1507840461335039,1507840461000,2,215993,1507840528603,4,1,17,1,16,2
32572,1507840471218040,1507840471000,2,355832,1507840779204,4,1,12,1,21,7
32572,1507840471218040,1507840471000,2,355213,1507840809204,4,1,12,1,21,7
30039,1507840472198041,1507840472000,2,20691,1507841181918,4,3,2,1,21,2
30039,1507840472198041,1507840472000,2,233742,1507841211918,4,3,2,1,21,2
223812,1507840472121042,1507840472000,3,323926,1507840484864,4,3,2,1,25,1
223812,1507840472121042,1507840472000,3,324393,1507840515806,4,3,2,1,25,1
223812,1507840472121042,1507840472000,3,324029,1507840545806,4,3,2,1,25,1
260159,1507840473407043,1507840473000,2,348093,1507840524954,4,3,2,1,25,2
260159,1507840473407043,1507840473000,2,336245,1507840554954,4,3,2,1,25,2
109491,1507840473916044,1507840473000,4,336245,1507840585789,4,3,2,1,26,2
109491,1507840473916044,1507840473000,4,348109,1507841076132,4,3,2,1,26,2
109491,1507840473916044,1507840473000,4,304705,1507841363036,4,3,2,1,26,1
109491,1507840473916044,1507840473000,4,305095,1507841393036,4,3,2,1,26,1
28819,1507840474330045,1507840474000,3,183176,1507840926259,4,3,2,1,8,2
28819,1507840474330045,1507840474000,3,111043,1507840927225,4,3,2,1,8,2
28819,1507840474330045,1507840474000,3,233688,1507840957225,4,3,2,1,8,2
290859,1507840475199046,1507840475000,2,20691,1507842469185,4,4,20,1,24,2
290859,1507840475199046,1507840475000,2,205873,1507842499185,4,4,20,1,24,2
290860,1507840475372047,1507840475000,2,119550,1507840475923,4,1,17,1,16,5
290860,1507840475372047,1507840475000,2,114896,1507840505923,4,1,17,1,16,5
25048,1507840477320048,1507840477000,3,70591,1507841150876,4,1,17,1,21,1
25048,1507840477320048,1507840477000,3,66077,1507842048706,4,1,17,1,21,1
25048,1507840477320048,1507840477000,3,96210,1507842078706,4,1,17,1,21,1
290861,1507840479330049,1507840479000,2,348119,1507840479586,4,3,2,1,21,7
290861,1507840479330049,1507840479000,2,348130,1507840509586,4,3,2,1,21,7
117823,1507840482905050,1507840482000,2,298585,1507841444962,4,1,17,1,24,1
117823,1507840482905050,1507840482000,2,301030,1507841474962,4,1,17,1,24,1
172158,1507840485177051,1507840485000,3,111043,1507840665386,4,3,2,1,9,2
172158,1507840485177051,1507840485000,3,96210,1507840792880,4,3,2,1,9,1
172158,1507840485177051,1507840485000,3,96127,1507840822880,4,3,2,1,9,1
290862,1507840485614052,1507840485000,2,214455,1507840815841,4,1,17,1,16,1
290862,1507840485614052,1507840485000,2,66055,1507840845841,4,1,17,1,16,1
12866,1507840486191053,1507840486000,2,96074,1507840688230,4,3,20,1,25,2
12866,1507840486191053,1507840486000,2,96640,1507840718230,4,3,20,1,25,2
190285,1507840486249054,1507840486000,2,233742,1507840587246,4,1,17,1,25,2
190285,1507840486249054,1507840486000,2,159529,1507840617246,4,1,17,1,25,2
191922,1507840490139055,1507840490000,3,96074,1507840517871,4,3,19,1,16,2
191922,1507840490139055,1507840490000,3,20691,1507845014015,4,3,19,1,16,2
191922,1507840490139055,1507840490000,3,288440,1507845044015,4,3,19,1,16,2
10975,1507840491496056,1507840491000,3,336245,1507840711558,4,1,17,1,25,2
10975,1507840491496056,1507840491000,3,235396,1507841304892,4,1,17,1,25,1
10975,1507840491496056,1507840491000,3,283116,1507841334892,4,1,17,1,25,1
278131,1507840497396057,1507840497000,2,74722,1507840513144,4,1,17,1,24,4
278131,1507840497396057,1507840497000,2,297959,1507840543144,4,1,17,1,24,4
1736,1507840504171058,1507840504000,7,348093,1507840550430,4,3,2,1,13,2
1736,1507840504171058,1507840504000,7,159529,1507840589399,4,3,2,1,13,2
1736,1507840504171058,1507840504000,7,96074,1507840591460,4,3,2,1,13,2
1736,1507840504171058,1507840504000,7,233742,1507840610254,4,3,2,1,13,2
1736,1507840504171058,1507840504000,7,336245,1507840635800,4,3,2,1,13,2
1736,1507840504171058,1507840504000,7,348112,1507843963459,4,3,2,1,13,1
1736,1507840504171058,1507840504000,7,9308,1507843993459,4,3,2,1,13,1
21209,1507840505254059,1507840505000,4,348093,1507842122366,4,1,17,1,25,2
21209,1507840505254059,1507840505000,4,20691,1507842291999,4,1,17,1,25,2
21209,1507840505254059,1507840505000,4,205873,1507843010756,4,1,17,1,25,2
21209,1507840505254059,1507840505000,4,202522,1507843040756,4,1,17,1,25,2
9119,1507840507149060,1507840507000,2,20691,1507841057388,4,1,17,1,25,2
9119,1507840507149060,1507840507000,2,159529,1507841087388,4,1,17,1,25,2
231256,1507840507120061,1507840507000,2,288440,1507841624262,4,3,2,1,25,2
231256,1507840507120061,1507840507000,2,283192,1507841654262,4,3,2,1,25,2
262516,1507840508832062,1507840508000,2,186047,1507842176617,4,1,17,1,17,1
262516,1507840508832062,1507840508000,2,195232,1507842206617,4,1,17,1,17,1
41458,1507840513164063,1507840513000,2,96210,1507840539215,4,3,2,1,25,6
41458,1507840513164063,1507840513000,2,348624,1507840569215,4,3,2,1,25,6
151493,1507840514312064,1507840514000,4,96074,1507842248125,4,1,17,6,28,2
151493,1507840514312064,1507840514000,4,159529,1507842434144,4,1,17,6,28,2
151493,1507840514312064,1507840514000,4,336245,1507842562617,4,1,17,6,28,2
151493,1507840514312064,1507840514000,4,111043,1507842592617,4,1,17,6,28,2
290863,1507840517598065,1507840517000,2,233688,1507840854717,4,1,17,1,25,2
290863,1507840517598065,1507840517000,2,307061,1507840884717,4,1,17,1,25,2
71029,1507840519232066,1507840519000,3,202522,1507841509843,4,1,17,1,21,7
71029,1507840519232066,1507840519000,3,202630,1507846255805,4,1,17,1,21,7
71029,1507840519232066,1507840519000,3,101975,1507846285805,4,1,17,1,21,7
15001,1507840522236067,1507840522000,4,336245,1507845946778,4,1,17,1,25,2
15001,1507840522236067,1507840522000,4,327984,1507846056648,4,1,17,1,25,1
15001,1507840522236067,1507840522000,4,355163,1507848199825,4,1,17,1,25,1
15001,1507840522236067,1507840522000,4,233742,1507848229825,4,1,17,1,25,1
98052,1507840524189068,1507840524000,2,348093,1507841841206,4,3,2,1,13,2
98052,1507840524189068,1507840524000,2,183176,1507841871206,4,3,2,1,13,2
69397,1507840525381069,1507840525000,2,183176,1507840979238,4,3,20,1,20,2
69397,1507840525381069,1507840525000,2,233742,1507841009238,4,3,20,1,20,2
166778,1507840526150070,1507840526000,2,348112,1507840527025,4,1,17,1,25,6
166778,1507840526150070,1507840526000,2,336245,1507840557025,4,1,17,1,25,6
290864,1507840528478071,1507840528000,3,352265,1507840623390,4,1,17,1,25,1
290864,1507840528478071,1507840528000,3,264523,1507841382725,4,1,17,1,25,1
290864,1507840528478071,1507840528000,3,336245,1507841412725,4,1,17,1,25,1
41415,1507840529126072,1507840529000,3,159529,1507840671773,4,3,2,1,20,2
41415,1507840529126072,1507840529000,3,183176,1507840964649,4,3,2,1,20,2
41415,1507840529126072,1507840529000,3,233688,1507840994649,4,3,2,1,20,2
166597,1507840529387073,1507840529000,2,159529,1507840639548,4,3,2,1,21,2
166597,1507840529387073,1507840529000,2,233688,1507840669548,4,3,2,1,21,2
260739,1507840533301074,1507840533000,2,336245,1507842384774,4,1,17,1,21,2
260739,1507840533301074,1507840533000,2,4533,1507842414774,4,1,17,1,21,2
7663,1507840534161075,1507840534000,2,31805,1507850788257,4,1,17,1,20,1
7663,1507840534161075,1507840534000,2,337441,1507850818257,4,1,17,1,20,1
290865,1507840538130076,1507840538000,2,288440,1507842622315,4,3,2,1,25,2
290865,1507840538130076,1507840538000,2,336245,1507842652315,4,3,2,1,25,2
145216,1507840543389077,1507840543000,3,111043,1507842109258,4,1,17,1,16,2
145216,1507840543389077,1507840543000,3,233688,1507842274185,4,1,17,1,16,2
145216,1507840543389077,1507840543000,3,183176,1507842304185,4,1,17,1,16,2
190724,1507840547278078,1507840547000,3,233742,1507840730287,4,1,17,1,7,2
190724,1507840547278078,1507840547000,3,111043,1507841016848,4,1,17,1,7,2
190724,1507840547278078,1507840547000,3,233688,1507841046848,4,1,17,1,7,2
264409,1507840548425079,1507840548000,2,202522,1507844745439,4,3,20,1,12,2
264409,1507840548425079,1507840548000,2,70484,1507844775439,4,3,20,1,12,2
179552,1507840549137080,1507840549000,2,96252,1507840594774,4,1,17,1,21,2
179552,1507840549137080,1507840549000,2,312534,1507840624774,4,1,17,1,21,2
107826,1507840551979081,1507840551000,2,159529,1507840561749,4,3,2,1,21,2
107826,1507840551979081,1507840551000,2,96210,1507840591749,4,3,2,1,21,2
226948,1507840554374082,1507840554000,2,327984,1507840633358,4,3,2,1,25,1
226948,1507840554374082,1507840554000,2,119522,1507840663358,4,3,2,1,25,1
17800,1507840556157083,1507840556000,2,348093,1507840581410,4,1,17,1,16,2
17800,1507840556157083,1507840556000,2,336245,1507840611410,4,1,17,1,16,2
256813,1507840558116084,1507840558000,2,159529,1507840577136,4,3,2,1,5,2
256813,1507840558116084,1507840558000,2,20691,1507840607136,4,3,2,1,5,2
235991,1507840559307085,1507840559000,2,31187,1507842412285,4,3,20,1,21,1
235991,1507840559307085,1507840559000,2,30957,1507842442285,4,3,20,1,21,1
275568,1507840560394086,1507840560000,5,50569,1507840560016,4,1,17,1,8,5
275568,1507840560394086,1507840560000,5,336245,1507840676189,4,1,17,1,8,5
275568,1507840560394086,1507840560000,5,96103,1507840752533,4,1,17,1,8,1
275568,1507840560394086,1507840560000,5,233688,1507840907490,4,1,17,1,8,1
275568,1507840560394086,1507840560000,5,96210,1507840937490,4,1,17,1,8,1
113140,1507840562116087,1507840562000,3,159529,1507841163404,4,1,17,1,21,2
113140,1507840562116087,1507840562000,3,20691,1507842179703,4,1,17,1,21,2
113140,1507840562116087,1507840562000,3,288440,1507842209703,4,1,17,1,21,2
145557,1507840563158088,1507840563000,3,96074,1507841209033,4,3,2,1,13,2
145557,1507840563158088,1507840563000,3,336245,1507841348501,4,3,2,1,13,1
145557,1507840563158088,1507840563000,3,348093,1507841378501,4,3,2,1,13,1
24159,1507840565349089,1507840565000,2,288440,1507844736643,4,3,2,1,6,2
24159,1507840565349089,1507840565000,2,183176,1507844766643,4,3,2,1,6,2
23723,1507840569373090,1507840569000,3,288440,1507843867129,4,1,17,1,25,2
23723,1507840569373090,1507840569000,3,96074,1507844031235,4,1,17,1,25,2
23723,1507840569373090,1507840569000,3,336245,1507844061235,4,1,17,1,25,2
117254,1507840570211091,1507840570000,3,66759,1507840661580,4,3,2,1,25,7
117254,1507840570211091,1507840570000,3,66244,1507840851957,4,3,2,1,25,4
117254,1507840570211091,1507840570000,3,336245,1507840881957,4,3,2,1,25,4
37965,1507840571255092,1507840571000,9,156381,1507840690968,4,1,17,1,15,1
37965,1507840571255092,1507840571000,9,205873,1507840697986,4,1,17,1,15,1
37965,1507840571255092,1507840571000,9,355163,1507840705632,4,1,17,1,15,1
37965,1507840571255092,1507840571000,9,31187,1507840713101,4,1,17,1,15,1
37965,1507840571255092,1507840571000,9,50569,1507840716771,4,1,17,1,15,1
37965,1507840571255092,1507840571000,9,277139,1507840723405,4,1,17,1,15,1
37965,1507840571255092,1507840571000,9,352265,1507840725065,4,1,17,1,15,1
37965,1507840571255092,1507840571000,9,162276,1507840727980,4,1,17,1,15,1
37965,1507840571255092,1507840571000,9,42430,1507840757980,4,1,17,1,15,1
20906,1507840574195093,1507840574000,2,183176,1507840607656,4,1,17,1,20,1
20906,1507840574195093,1507840574000,2,348112,1507840637656,4,1,17,1,20,1
19076,1507840575130094,1507840575000,5,233688,1507840868994,4,1,17,1,13,2
19076,1507840575130094,1507840575000,5,9308,1507841111581,4,1,17,1,13,1
19076,1507840575130094,1507840575000,5,136036,1507841624155,4,1,17,1,13,1
19076,1507840575130094,1507840575000,5,140451,1507841899433,4,1,17,1,13,1
19076,1507840575130094,1507840575000,5,292924,1507841929433,4,1,17,1,13,1
69362,1507840575206095,1507840575000,2,159529,1507840649460,4,3,20,1,24,2
69362,1507840575206095,1507840575000,2,256459,1507840679460,4,3,20,1,24,2
34360,1507840578121096,1507840578000,3,136036,1507840625571,4,3,2,1,13,1
34360,1507840578121096,1507840578000,3,336245,1507840670244,4,3,2,1,13,1
34360,1507840578121096,1507840578000,3,136768,1507840700244,4,3,2,1,13,1
